1670216771413449,1670216771537432,1670216771537517,1670216771537658,1670216771537732,1670216771537775,1670216771537815,1670216771537855,1670216771537920,1670216771537960,1670216771538001,1670216771538045,1670216771538087,1670216771538132,1670216771538172,1670216771538213,1670216771538306,1670216771538348,1670216771538388,1670216771538427,1670216771538472,1670216771538518,1670216771538558,1670216771538599,1670216771538644,1670216771538683,1670216771538898,1670216771538935,1670216771538995,1670216771539035,1670216771539074,1670216771539141,1670216771539181,1670216771539217,1670216771539252,1670216771539289,1670216771539324,1670216771539358,1670216771539392,1670216771539426,1670216771539461,1670216771539503,1670216771539541,1670216771539587,1670216771539626,1670216771539661,1670216771539727,1670216771539769,1670216771539809,1670216771539842,1670216771539874,1670216771539906,1670216771539942,1670216771539973,1670216771540005,1670216771540038,1670216771540070,1670216771540103,1670216771540141,1670216771540175,1670216771540207,1670216771540263,1670216771540297,1670216771540466,1670216771540511,1670216771540546,1670216771540577,1670216771540610,1670216771540644,1670216771540673,1670216771540703,1670216771540732,1670216771540762,1670216771540794,1670216771540825,1670216771540854,1670216771540920,1670216771540951,1670216771540980,1670216771541011,1670216771541040,1670216771541070,1670216771541103,1670216771541132,1670216771541160,1670216771541190,1670216771541221,1670216771541250,1670216771541282,1670216771541318,1670216771541347,1670216771541402,1670216771541433,1670216771541465,1670216771541495,1670216771541526,1670216771541557,1670216771541587,1670216771541619,1670216771541652,1670216771541682,1670216771541713,1670216771541743,1670216771541772,1670216771541801,1670216771541834,1670216771541886,1670216771541918,1670216771541950,1670216771541981,1670216771542014,1670216771542043,1670216771542073,1670216771542105,1670216771542158,1670216771542187,1670216771542219,1670216771542252,1670216771542282,1670216771542387,1670216771542423,1670216771542478,1670216771542534,1670216771542567,1670216771542604,1670216771542635,1670216771542667,1670216771542701,1670216771542860,1670216771542895,1670216771542931,1670216771542960,1670216771542988,1670216771543017,1670216771543048,1670216771543076,1670216771543134,1670216771543164,1670216771543204,1670216771543234,1670216771543261,1670216771543290,1670216771543321,1670216771543349,1670216771543378,1670216771543405,1670216771543432,1670216771543467,1670216771543489,1670216771543513,1670216771543534,1670216771543574,1670216771543597,1670216771543620,1670216771543645,1670216771543667,1670216771543689,1670216771543711,1670216771543733,1670216771543755,1670216771543777,1670216771543800,1670216771543826,1670216771544033,1670216771544062,1670216771544083,1670216771544121,1670216771544144,1670216771544173,1670216771544194,1670216771544216,1670216771544237,1670216771544259,1670216771544279,1670216771544305,1670216771544325,1670216771544346,1670216771544367,1670216771544388,1670216771544413,1670216771544436,1670216771544484,1670216771544508,1670216771544530,1670216771544552,1670216771544573,1670216771544596,1670216771544617,1670216771544639,1670216771544730,1670216771544751,1670216771544848,1670216771544875,1670216771544903,1670216771544924,1670216771544944,1670216771544999,1670216771545021,1670216771545110,1670216771545140,1670216771545162,1670216771545182,1670216771545203,1670216771545223,1670216771545242,1670216771545271,1670216771545293,1670216771545324,1670216771545345,1670216771545366,1670216771545386,1670216771545426,1670216771545481,1670216771545510,1670216771545531,1670216771545551,1670216771545572,1670216771545593,1670216771545613,1670216771545638,1670216771545659,1670216771545679,1670216771545702,1670216771545721,1670216771545741,1670216771545765,1670216771545815,1670216771545837,1670216771545861,1670216771545884,1670216771545903,1670216771545921,1670216771545943,1670216771545961,1670216771545980,1670216771546019,1670216771546046,1670216771546078,1670216771546100,1670216771546119,1670216771546152,1670216771546192,1670216771546213,1670216771546232,1670216771546251,1670216771546270,1670216771546288,1670216771546306,1670216771546326,1670216771546344,1670216771546443,1670216771546466,1670216771546490,1670216771546515,1670216771546535,1670216771546559,1670216771546610,1670216771546633,1670216771546655,1670216771546675,1670216771546695,1670216771546716,1670216771546734,1670216771546753,1670216771546773,1670216771546793,1670216771546812,1670216771546839,1670216771546860,1670216771546884,1670216771546904,1670216771546943,1670216771546963,1670216771546984,1670216771547014,1670216771547033,1670216771547051,1670216771547069,1670216771547088,1670216771547106,1670216771547126,1670216771547145,1670216771547163,1670216771547183,1670216771547201,1670216771547220,1670216771547259,1670216771547288,1670216771547308,1670216771547328,1670216771547348,1670216771547376,1670216771547396,1670216771547413,1670216771547431,1670216771547448,1670216771547466,1670216771547484,1670216771547503,1670216771547521,1670216771547539,1670216771547573,1670216771547593,1670216771547632,1670216771547653,1670216771547671,1670216771547718,1670216771547736,1670216771547753,1670216771547770,1670216771547786,1670216771547805,1670216771547821,1670216771547837,1670216771547854,1670216771547871,1670216771547913,1670216771547935,1670216771547953,1670216771547969,1670216771547988,1670216771548004,1670216771548020,1670216771548037,1670216771548056,1670216771548072,1670216771548088,1670216771548104,1670216771548120,1670216771548136,1670216771548152,1670216771548187,1670216771548204,1670216771548233,1670216771548249,1670216771548267,1670216771548285,1670216771548300,1670216771548316,1670216771548332,1670216771548348,1670216771548364,1670216771548381,1670216771548399,1670216771548415,1670216771548431,1670216771548466,1670216771548484,1670216771548509,1670216771548526,1670216771548543,1670216771548559,1670216771548616,1670216771548636,1670216771548652,1670216771548670,1670216771548686,1670216771548702,1670216771548717,1670216771548732,1670216771548747,1670216771548788,1670216771548805,1670216771548821,1670216771548933,1670216771548949,1670216771548964,1670216771548981,1670216771548996,1670216771549012,1670216771549029,1670216771549044,1670216771549060,1670216771549077,1670216771549094,1670216771549109,1670216771549144,1670216771549163,1670216771549179,1670216771549200,1670216771549218,1670216771549234,1670216771549388,1670216771549492,1670216771549549,1670216771549566,1670216771549585,1670216771549601,1670216771549617,1670216771549632,1670216771549648,1670216771549686,1670216771549705,1670216771549803,1670216771549826,1670216771549842,1670216771549856,1670216771549884,1670216771549904,1670216771549925,1670216771549970,1670216771549986,1670216771550000,1670216771550015,1670216771550028,1670216771550059,1670216771550094,1670216771550126,1670216771550141,1670216771550156,1670216771550175,1670216771550201,1670216771550217,1670216771550231,1670216771550250,1670216771550264,1670216771550278,1670216771550292,1670216771550323,1670216771550340,1670216771550382,1670216771550440,1670216771550457,1670216771550474,1670216771550488,1670216771550501,1670216771550515,1670216771550528,1670216771550543,1670216771550557,1670216771550572,1670216771550585,1670216771550601,1670216771550644,1670216771550665,1670216771550677,1670216771550710,1670216771550725,1670216771550738,1670216771550752,1670216771550764,1670216771550775,1670216771550788,1670216771550800,1670216771550810,1670216771550821,1670216771550833,1670216771550844,1670216771550856,1670216771550871,1670216771550885,1670216771550913,1670216771550927,1670216771550940,1670216771550953,1670216771550969,1670216771550981,1670216771550995,1670216771551007,1670216771551019,1670216771551031,1670216771551046,1670216771551058,1670216771551069,1670216771551080,1670216771551091,1670216771551134,1670216771551150,1670216771551162,1670216771551173,1670216771551185,1670216771551198,1670216771551209,1670216771551220,1670216771551233,1670216771551244,1670216771551255,1670216771551268,1670216771551280,1670216771551292,1670216771551304,1670216771551334,1670216771551348,1670216771551362,1670216771551375,1670216771551388,1670216771551401,1670216771551413,1670216771551425,1670216771551436,1670216771551447,1670216771551458,1670216771551470,1670216771551483,1670216771551495,1670216771551506,1670216771551537,1670216771551551,1670216771551567,1670216771551581,1670216771551592,1670216771551604,1670216771551615,1670216771551627,1670216771551638,1670216771551651,1670216771551663,1670216771551673,1670216771551684,1670216771551695,1670216771551706,1670216771551738,1670216771551962,1670216771551981,1670216771551996,1670216771552009,1670216771552022,1670216771552037,1670216771552049,1670216771552060,1670216771552073,1670216771552084,1670216771552095,1670216771552108,1670216771552121,1670216771552291,1670216771552354,1670216771552371,1670216771552384,1670216771552399,1670216771552411,1670216771552424,1670216771552434,1670216771552445,1670216771552458,1670216771552468,1670216771552481,1670216771552491,1670216771552501,1670216771552510,1670216771552521,1670216771552550,1670216771552587,1670216771552600,1670216771552611,1670216771552622,1670216771552632,1670216771552642,1670216771552659,1670216771552674,1670216771552684,1670216771552694,1670216771552706,1670216771552715,1670216771552726,1670216771552740,1670216771552770,1670216771552783,1670216771552793,1670216771552805,1670216771552816,1670216771552827,1670216771552837,1670216771552847,1670216771552858,1670216771552867,1670216771552877,1670216771552887,1670216771552899,1670216771552911,1670216771552920,1670216771552947,1670216771552959,1670216771552972,1670216771552983,1670216771552993,1670216771553003,1670216771553013,1670216771553023,1670216771553033,1670216771553046,1670216771553056,1670216771553066,1670216771553075,1670216771553085,1670216771553095,1670216771553123,1670216771553136,1670216771553154,1670216771553164,1670216771553173,1670216771553183,1670216771553193,1670216771553210,1670216771553221,1670216771553231,1670216771553241,1670216771553257,1670216771553267,1670216771553281,1670216771553291,1670216771553326,1670216771553338,1670216771553350,1670216771553361,1670216771553372,1670216771553382,1670216771553393,1670216771553402,1670216771553412,1670216771553426,1670216771553436,1670216771553448,1670216771553457,1670216771553474,1670216771553493,1670216771553521,1670216771553535,1670216771553545,1670216771553555,1670216771553589,1670216771553601,1670216771553610,1670216771553620,1670216771553631,1670216771553640,1670216771553650,1670216771553659,1670216771553668,1670216771553683,1670216771553694,1670216771553722,1670216771553739,1670216771553749,1670216771553758,1670216771553767,1670216771553779,1670216771553802,1670216771553812,1670216771553821,1670216771553837,1670216771553851,1670216771553860,1670216771553891,1670216771553901,1670216771553911,1670216771553936,1670216771553947,1670216771553959,1670216771553993,1670216771554004,1670216771554014,1670216771554023,1670216771554032,1670216771554041,1670216771554051,1670216771554059,1670216771554068,1670216771554075,1670216771554084,1670216771554092,1670216771554120,1670216771554130,1670216771554139,1670216771554147,1670216771554157,1670216771554171,1670216771554181,1670216771554191,1670216771554199,1670216771554206,1670216771554215,1670216771554223,1670216771554231,1670216771554246,1670216771554255,1670216771554281,1670216771554291,1670216771554300,1670216771554307,1670216771554316,1670216771554324,1670216771554334,1670216771554343,1670216771554351,1670216771554358,1670216771554366,1670216771554399,1670216771554407,1670216771554415,1670216771554423,1670216771554448,1670216771554462,1670216771554470,1670216771554478,1670216771554486,1670216771554493,1670216771554500,1670216771554518,1670216771554528,1670216771554536,1670216771554544,1670216771554556,1670216771554563,1670216771554569,1670216771554575,1670216771554602,1670216771554611,1670216771554620,1670216771554628,1670216771554636,1670216771554645,1670216771554654,1670216771554661,1670216771554668,1670216771554675,1670216771554684,1670216771554691,1670216771554700,1670216771554707,1670216771554715,1670216771554740,1670216771554750,1670216771554768,1670216771554776,1670216771554784,1670216771554790,1670216771554799,1670216771554805,1670216771554812,1670216771554820,1670216771554827,1670216771554834,1670216771554842,1670216771554849,1670216771554855,1670216771554887,1670216771554898,1670216771554906,1670216771554913,1670216771554921,1670216771554928,1670216771554936,1670216771554944,1670216771554951,1670216771554958,1670216771554964,1670216771554971,1670216771554978,1670216771554987,1670216771554993,1670216771555019,1670216771555035,1670216771555044,1670216771555053,1670216771555061,1670216771555068,1670216771555075,1670216771555082,1670216771555095,1670216771555102,1670216771555111,1670216771555118,1670216771555125,1670216771555132,1670216771555139,1670216771555166,1670216771555174,1670216771555187,1670216771555195,1670216771555202,1670216771555210,1670216771555226,1670216771555235,1670216771555242,1670216771555249,1670216771555255,1670216771555263,1670216771555269,1670216771555275,1670216771555300,1670216771555324,1670216771555335,1670216771555342,1670216771555349,1670216771555356,1670216771555365,1670216771555371,1670216771555379,1670216771555385,1670216771555391,1670216771555398,1670216771555406,1670216771555412,1670216771555419,1670216771555426,1670216771555449,1670216771555459,1670216771555469,1670216771555476,1670216771555483,1670216771555490,1670216771555496,1670216771555502,1670216771555509,1670216771555518,1670216771555532,1670216771555539,1670216771555545,1670216771555551,1670216771555558,1670216771555583,1670216771555591,1670216771555598,1670216771555606,1670216771555612,1670216771555618,1670216771555626,1670216771555634,1670216771555642,1670216771555653,1670216771555660,1670216771555665,1670216771555672,1670216771555679,1670216771555685,1670216771555706,1670216771555714,1670216771555727,1670216771555736,1670216771555742,1670216771555750,1670216771555756,1670216771555763,1670216771555769,1670216771555776,1670216771555784,1670216771555791,1670216771555797,1670216771555803,1670216771555811,1670216771555833,1670216771555843,1670216771555850,1670216771555856,1670216771555863,1670216771555869,1670216771555875,1670216771555881,1670216771555889,1670216771555895,1670216771555900,1670216771555905,1670216771555910,1670216771555916,1670216771555921,1670216771555942,1670216771555949,1670216771555955,1670216771555961,1670216771555967,1670216771555990,1670216771555996,1670216771556004,1670216771556016,1670216771556022,1670216771556028,1670216771556033,1670216771556041,1670216771556046,1670216771556051,1670216771556074,1670216771556081,1670216771556089,1670216771556096,1670216771556101,1670216771556108,1670216771556121,1670216771556127,1670216771556133,1670216771556140,1670216771556146,1670216771556152,1670216771556157,1670216771556162,1670216771556170,1670216771556198,1670216771556206,1670216771556211,1670216771556217,1670216771556224,1670216771556229,1670216771556239,1670216771556244,1670216771556250,1670216771556256,1670216771556263,1670216771556268,1670216771556274,1670216771556281,1670216771556286,1670216771556319,1670216771556329,1670216771556335,1670216771556341,1670216771556348,1670216771556354,1670216771556359,1670216771556365,1670216771556373,1670216771556378,1670216771556385,1670216771556394,1670216771556401,1670216771556406,1670216771556418,1670216771556441,1670216771556463,1670216771556476,1670216771556482,1670216771556487,1670216771556492,1670216771556498,1670216771556502,1670216771556509,1670216771556514,1670216771556519,1670216771556525,1670216771556531,1670216771556535,1670216771556546,1670216771556577,1670216771556584,1670216771556589,1670216771556595,1670216771556601,1670216771556607,1670216771556612,1670216771556617,1670216771556622,1670216771556627,1670216771556634,1670216771556639,1670216771556647,1670216771556652,1670216771556656,1670216771556693,1670216771556700,1670216771556705,1670216771556713,1670216771556718,1670216771556723,1670216771556976,1670216771556985,1670216771557011,1670216771557017,1670216771557025,1670216771557031,1670216771557037,1670216771557042,1670216771557047,1670216771557080,1670216771557087,1670216771557092,1670216771557098,1670216771557103,1670216771557107,1670216771557112,1670216771557119,1670216771557123,1670216771557136,1670216771557141,1670216771557147,1670216771557153,1670216771557158,1670216771557163,1670216771557186,1670216771557191,1670216771557195,1670216771557199,1670216771557205,1670216771557209,1670216771557216,1670216771557222,1670216771557227,1670216771557231,1670216771557236,1670216771557242,1670216771557248,1670216771557253,1670216771557258,1670216771557278,1670216771557284,1670216771557288,1670216771557296,1670216771557306,1670216771557310,1670216771557314,1670216771557319,1670216771557323,1670216771557328,1670216771557335,1670216771557340,1670216771557345,1670216771557351,1670216771557355,1670216771557384,1670216771557390,1670216771557395,1670216771557401,1670216771557405,1670216771557410,1670216771557415,1670216771557428,1670216771557433,1670216771557438,1670216771557443,1670216771557449,1670216771557454,1670216771557458,1670216771557465,1670216771557486,1670216771557492,1670216771557497,1670216771557505,1670216771557512,1670216771557517,1670216771557522,1670216771557527,1670216771557531,1670216771557536,1670216771557541,1670216771557549,1670216771557554,1670216771557559,1670216771557563,1670216771557587,1670216771557596,1670216771557601,1670216771557606,1670216771557611,1670216771557618,1670216771557623,1670216771557628,1670216771557634,1670216771557640,1670216771557646,1670216771557652,1670216771557658,1670216771557663,1670216771557668,1670216771557691,1670216771557801,1670216771557808,1670216771557814,1670216771557819,1670216771557825,1670216771557830,1670216771557835,1670216771557841,1670216771557846,1670216771557851,1670216771557856,1670216771557863,1670216771557868,1670216771557872,1670216771557943,1670216771557949,1670216771557958,1670216771557963,1670216771557967,1670216771557972,1670216771557976,1670216771557981,1670216771557985,1670216771557994,1670216771557999,1670216771558005,1670216771558017,1670216771558024,1670216771558028,1670216771558049,1670216771558056,1670216771558060,1670216771558065,1670216771558070,1670216771558075,1670216771558079,1670216771558086,1670216771558091,1670216771558096,1670216771558102,1670216771558108,1670216771558113,1670216771558118,1670216771558125,1670216771558144,1670216771558150,1670216771558154,1670216771558158,1670216771558164,1670216771558168,1670216771558171,1670216771558175,1670216771558179,1670216771558183,1670216771558186,1670216771558192,1670216771558196,1670216771558199,1670216771558203,1670216771558217,1670216771558223,1670216771558226,1670216771558230,1670216771558234,1670216771558237,1670216771558241,1670216771558245,1670216771558251,1670216771558255,1670216771558258,1670216771558262,1670216771558266,1670216771558270,1670216771558274,1670216771558290,1670216771558295,1670216771558299,1670216771558302,1670216771558306,1670216771558311,1670216771558315,1670216771558319,1670216771558322,1670216771558326,1670216771558330,1670216771558334,1670216771558342,1670216771558397,1670216771558409,1670216771558427,1670216771558433,1670216771558437,1670216771558443,1670216771558447,1670216771558451,1670216771558454,1670216771558457,1670216771558461,1670216771558465,1670216771558471,1670216771558475,1670216771558479,1670216771558482,1670216771558485,1670216771558501,1670216771558505,1670216771558508,1670216771558511,1670216771558514,1670216771558517,1670216771558520,1670216771558525,1670216771558529,1670216771558534,1670216771558538,1670216771558542,1670216771558546,1670216771558550,1670216771558555,1670216771558578,1670216771558583,1670216771558587,1670216771558592,1670216771558609,1670216771558614,1670216771558618,1670216771558621,1670216771558624,1670216771558627,1670216771558630,1670216771558637,1670216771558641,1670216771558645,1670216771558649,1670216771558676,1670216771558680,1670216771558687,1670216771558690,1670216771558694,1670216771558699,1670216771558703,1670216771558706,1670216771558710,1670216771558715,1670216771558719,1670216771558722,1670216771558725,1670216771558729,1670216771558732,1670216771558749,1670216771558754,1670216771558757,1670216771558760,1670216771558762,1670216771558765,1670216771558769,1670216771558772,1670216771558775,1670216771558778,1670216771558781,1670216771558785,1670216771558790,1670216771558796,1670216771558799,1670216771558814,1670216771558818,1670216771558822,1670216771558827,1670216771558832,1670216771558836,1670216771558839,1670216771558843,1670216771558847,1670216771558850,1670216771558856,1670216771558860,1670216771558864,1670216771558867,1670216771558871,1670216771558909,1670216771558915,1670216771558919,1670216771558922,1670216771558926,1670216771558930,1670216771558933,1670216771558940,1670216771558944,1670216771558947,1670216771558951,1670216771558955,1670216771558958,1670216771558962,1670216771558967,1670216771558982,1670216771558986,1670216771558990,1670216771558994,1670216771558998,1670216771559003,1670216771559007,1670216771559010,1670216771559013,1670216771559015,1670216771559019,1670216771559024,1670216771559027,1670216771559031,1670216771559034,1670216771559049,1670216771559053,1670216771559058,1670216771559063,1670216771559066,1670216771559070,1670216771559074,1670216771559077,1670216771559081,1670216771559086,1670216771559090,1670216771559093,1670216771559098,1670216771559102,1670216771559106,1670216771559123,1670216771559127,1670216771559130,1670216771559134,1670216771559137,1670216771559140,1670216771559145,1670216771559150,1670216771559154,1670216771559158,1670216771559163,1670216771559167,1670216771559170,1670216771559179,1670216771559182,1670216771559195,1670216771559199,1670216771559202,1670216771559207,1670216771559211,1670216771559215,1670216771559218,1670216771559222,1670216771559226,1670216771559230,1670216771559235,1670216771559239,1670216771559242,1670216771559246,1670216771559249,1670216771559263,1670216771559269,1670216771559273,1670216771559277,1670216771559281,1670216771559285,1670216771559288,1670216771559291,1670216771559297,1670216771559300,1670216771559304,1670216771559310,1670216771559314,1670216771559318,1670216771559323,1670216771559341,1670216771559344,1670216771559348,1670216771559353,1670216771559357,1670216771559363,1670216771559367,1670216771559370,1670216771559374,1670216771559377,1670216771559381,1670216771559384,1670216771559391,1670216771559394,1670216771559398,1670216771559414,1670216771559418,1670216771559423,1670216771559427,1670216771559431,1670216771559434,1670216771559437,1670216771559443,1670216771559446,1670216771559451,1670216771559456,1670216771559460,1670216771559464,1670216771559467,1670216771559470,1670216771559486,1670216771559491,1670216771559500,1670216771559508,1670216771559511,1670216771559515,1670216771559520,1670216771559524,1670216771559528,1670216771559531,1670216771559534,1670216771559539,1670216771559543,1670216771559548,1670216771559551,1670216771559566,1670216771559568,1670216771559571,1670216771559574,1670216771559578,1670216771559582,1670216771559585,1670216771559589,1670216771559592,1670216771559596,1670216771559599,1670216771559604,1670216771559608,1670216771559612,1670216771559615,1670216771559630,1670216771559637,1670216771559640,1670216771559643,1670216771559646,1670216771559650,1670216771559653,1670216771559656,1670216771559665,1670216771559669,1670216771559672,1670216771559677,1670216771559680,1670216771559684,1670216771559687,1670216771559703,1670216771559707,1670216771559713,1670216771559716,1670216771559721,1670216771559727,1670216771559731,1670216771559734,1670216771559738,1670216771559741,1670216771559745,1670216771559749,1670216771559755,1670216771559758,1670216771559761,1670216771559775,1670216771559777,1670216771559781,1670216771559787,1670216771559792,1670216771559795,1670216771559799,1670216771559860,1670216771559866,1670216771559870,1670216771559875,1670216771559879,1670216771559884,1670216771559887,1670216771559891,1670216771559909,1670216771559913,1670216771559915,1670216771559919,1670216771559922,1670216771559928,1670216771559931,1670216771559937,1670216771559942,1670216771559946,1670216771559951,1670216771559955,1670216771559959,1670216771559962,1670216771559967,1670216771559986,1670216771559991,1670216771559997,1670216771560000,1670216771560004,1670216771560007,1670216771560012,1670216771560017,1670216771560020,1670216771560025,1670216771560028,1670216771560033,1670216771560036,1670216771560040,1670216771560043,1670216771560060,1670216771560065,1670216771560069,1670216771560074,1670216771560078,1670216771560081,1670216771560085,1670216771560090,1670216771560094,1670216771560098,1670216771560101,1670216771560105,1670216771560109,1670216771560116,1670216771560119,1670216771560134,1670216771560138,1670216771560141,1670216771560145,1670216771560151,1670216771560155,1670216771560159,1670216771560163,1670216771560168,1670216771560173,1670216771560177,1670216771560182,1670216771560186,1670216771560189,1670216771560192,1670216771560207,1670216771560213,1670216771560217,1670216771560221,1670216771560224,1670216771560229,1670216771560232,1670216771560235,1670216771560240,1670216771560244,1670216771560248,1670216771560252,1670216771560257,1670216771560260,1670216771560263,1670216771560280,1670216771560286,1670216771560290,1670216771560294,1670216771560300,1670216771560306,1670216771560310,1670216771560314,1670216771560318,1670216771560322,1670216771560326,1670216771560330,1670216771560336,1670216771560341,1670216771560344,1670216771560359,1670216771560363,1670216771560366,1670216771560374,1670216771560378,1670216771560381,1670216771560385,1670216771560389,1670216771560405,1670216771560413,1670216771560417,1670216771560421,1670216771560426,1670216771560429,1670216771560433,1670216771560449,1670216771560455,1670216771560459,1670216771560463,1670216771560467,1670216771560476,1670216771560482,1670216771560486,1670216771560490,1670216771560493,1670216771560497,1670216771560501,1670216771560505,1670216771560511,1670216771560514,1670216771560529,1670216771560532,1670216771560535,1670216771560541,1670216771560547,1670216771560551,1670216771560555,1670216771560559,1670216771560563,1670216771560567,1670216771560572,1670216771560576,1670216771560579,1670216771560582,1670216771560585,1670216771560618,1670216771560624,1670216771560627,1670216771560630,1670216771560634,1670216771560638,1670216771560642,1670216771560647,1670216771560651,1670216771560655,1670216771560659,1670216771560663,1670216771560666,1670216771560673,1670216771560676,1670216771560712,1670216771560717,1670216771560720,1670216771560724,1670216771560732,1670216771560735,1670216771560739,1670216771560743,1670216771560746,1670216771560750,1670216771560755,1670216771560761,1670216771560765,1670216771560769,1670216771560773,1670216771560789,1670216771560795,1670216771560801,1670216771560804,1670216771560808,1670216771560811,1670216771560815,1670216771560818,1670216771560824,1670216771560827,1670216771560830,1670216771560838,1670216771560842,1670216771560846,1670216771560850,1670216771560874,1670216771560878,1670216771560882,1670216771560887,1670216771560891,1670216771560897,1670216771560901,1670216771560904,1670216771560908,1670216771560912,1670216771560915,1670216771560917,1670216771560924,1670216771560929,1670216771560935,1670216771560951,1670216771560955,1670216771560960,1670216771560966,1670216771560971,1670216771560974,1670216771560977,1670216771560981,1670216771560984,1670216771560988,1670216771560994,1670216771560998,1670216771561002,1670216771561005,1670216771561009,1670216771561031,1670216771561035,1670216771561039,1670216771561043,1670216771561047,1670216771561057,1670216771561060,1670216771561066,1670216771561070,1670216771561074,1670216771561077,1670216771561081,1670216771561085,1670216771561089,1670216771561094,1670216771561108,1670216771561114,1670216771561118,1670216771561122,1670216771561127,1670216771561131,1670216771561134,1670216771561138,1670216771561142,1670216771561146,1670216771561150,1670216771561155,1670216771561161,1670216771561164,1670216771561167,1670216771561182,1670216771561187,1670216771561191,1670216771561195,1670216771561199,1670216771561202,1670216771561206,1670216771561209,1670216771561215,1670216771561218,1670216771561238,1670216771561247,1670216771561252,1670216771561255,1670216771561259,1670216771561280,1670216771561285,1670216771561288,1670216771561290,1670216771561294,1670216771561298,1670216771561312,1670216771561316,1670216771561319,1670216771561322,1670216771561327,1670216771561330,1670216771561334,1670216771561340,1670216771561344,1670216771561359,1670216771561364,1670216771561368,1670216771561373,1670216771561377,1670216771561380,1670216771561385,1670216771561388,1670216771561392,1670216771561395,1670216771561401,1670216771561406,1670216771561409,1670216771561413,1670216771561416,1670216771561432,1670216771561437,1670216771561453,1670216771561468,1670216771561478,1670216771561481,1670216771561485,1670216771561490,1670216771561494,1670216771561497,1670216771561501,1670216771561506,1670216771561510,1670216771561513,1670216771561518,1670216771561547,1670216771561550,1670216771561553,1670216771561556,1670216771561561,1670216771561563,1670216771561566,1670216771561569,1670216771561573,1670216771561577,1670216771561580,1670216771561586,1670216771561590,1670216771561594,1670216771561598,1670216771561616,1670216771561622,1670216771561628,1670216771561633,1670216771561637,1670216771561641,1670216771561644,1670216771561648,1670216771561651,1670216771561655,1670216771561659,1670216771561664,1670216771561667,1670216771561671,1670216771561675,1670216771561691,1670216771561695,1670216771561699,1670216771561702,1670216771561706,1670216771561710,1670216771561716,1670216771561719,1670216771561722,1670216771561726,1670216771561729,1670216771561733,1670216771561737,1670216771561743,1670216771561747,1670216771561762,1670216771561767,1670216771561772,1670216771561777,1670216771561780,1670216771561784,1670216771561788,1670216771561792,1670216771561795,1670216771561801,1670216771561805,1670216771561808,1670216771561812,1670216771561817,1670216771561820,1670216771561837,1670216771561841,1670216771561844,1670216771561849,1670216771561852,1670216771561857,1670216771561862,1670216771561866,1670216771561869,1670216771561873,1670216771561876,1670216771561880,1670216771561885,1670216771561891,1670216771561896,1670216771561911,1670216771561915,1670216771561919,1670216771561923,1670216771561929,1670216771561933,1670216771561936,1670216771561939,1670216771561942,1670216771561946,1670216771561950,1670216771561956,1670216771561960,1670216771561962,1670216771561966,1670216771561980,1670216771561986,1670216771561989,1670216771561993,1670216771561997,1670216771562003,1670216771562007,1670216771562011,1670216771562016,1670216771562020,1670216771562023,1670216771562026,1670216771562030,1670216771562033,1670216771562036,1670216771562053,1670216771562057,1670216771562060,1670216771562064,1670216771562067,1670216771562072,1670216771562075,1670216771562080,1670216771562083,1670216771562087,1670216771562092,1670216771562095,1670216771562100,1670216771562104,1670216771562107,1670216771562120,1670216771562124,1670216771562129,1670216771562179,1670216771562184,1670216771562187,1670216771562190,1670216771562193,1670216771562196,1670216771562199,1670216771562205,1670216771562208,1670216771562213,1670216771562216,1670216771562220,1670216771562237,1670216771562241,1670216771562245,1670216771562249,1670216771562253,1670216771562256,1670216771562259,1670216771562264,1670216771562268,1670216771562271,1670216771562275,1670216771562279,1670216771562282,1670216771562286,1670216771562292,1670216771562310,1670216771562315,1670216771562319,1670216771562323,1670216771562329,1670216771562333,1670216771562335,1670216771562338,1670216771562340,1670216771562343,1670216771562346,1670216771562350,1670216771562353,1670216771562355,1670216771562358,1670216771562373,1670216771562380,1670216771562383,1670216771562387,1670216771562392,1670216771562396,1670216771562400,1670216771562403,1670216771562408,1670216771562411,1670216771562414,1670216771562418,1670216771562421,1670216771562424,1670216771562428,1670216771562484,1670216771562492,1670216771562495,1670216771562499,1670216771562502,1670216771562506,1670216771562513,1670216771562516,1670216771562521,1670216771562526,1670216771562529,1670216771562532,1670216771562536,1670216771562538,1670216771562541,1670216771562556,1670216771562559,1670216771562561,1670216771562565,1670216771562568,1670216771562570,1670216771562573,1670216771562576,1670216771562578,1670216771562581,1670216771562585,1670216771562587,1670216771562590,1670216771562593,1670216771562596,1670216771562609,1670216771562612,1670216771562614,1670216771562617,1670216771562619,1670216771562622,1670216771562624,1670216771562629,1670216771562632,1670216771562634,1670216771562638,1670216771562641,1670216771562644,1670216771562647,1670216771562651,1670216771562662,1670216771562664,1670216771562667,1670216771562669,1670216771562674,1670216771562676,1670216771562679,1670216771562681,1670216771562684,1670216771562687,1670216771562691,1670216771562695,1670216771562697,1670216771562700,1670216771562702,1670216771562714,1670216771562725,1670216771562733,1670216771562736,1670216771562740,1670216771562742,1670216771562745,1670216771562747,1670216771562750,1670216771562754,1670216771562756,1670216771562759,1670216771562770,1670216771562780,1670216771562783,1670216771562804,1670216771562807,1670216771562810,1670216771562813,1670216771562816,1670216771562819,1670216771562825,1670216771562829,1670216771562833,1670216771562836,1670216771562838,1670216771562841,1670216771562843,1670216771562848,1670216771562851,1670216771562870,1670216771562874,1670216771562876,1670216771562881,1670216771562884,1670216771562889,1670216771562892,1670216771562896,1670216771562900,1670216771562903,1670216771562908,1670216771562911,1670216771562914,1670216771562917,1670216771562920,1670216771562935,1670216771562939,1670216771562942,1670216771562946,1670216771562951,1670216771562954,1670216771562957,1670216771562962,1670216771562964,1670216771562967,1670216771562970,1670216771562974,1670216771562977,1670216771562980,1670216771562985,1670216771562997,1670216771563001,1670216771563004,1670216771563007,1670216771563010,1670216771563016,1670216771563019,1670216771563022,1670216771563027,1670216771563031,1670216771563035,1670216771563039,1670216771563044,1670216771563047,1670216771563050,1670216771563062,1670216771563067,1670216771563071,1670216771563075,1670216771563079,1670216771563083,1670216771563086,1670216771563090,1670216771563092,1670216771563096,1670216771563099,1670216771563101,1670216771563104,1670216771563106,1670216771563108,1670216771563121,1670216771563124,1670216771563127,1670216771563129,1670216771563132,1670216771563134,1670216771563139,1670216771563142,1670216771563145,1670216771563149,1670216771563152,1670216771563155,1670216771563160,1670216771563165,1670216771563170,1670216771563184,1670216771563187,1670216771563191,1670216771563194,1670216771563204,1670216771563208,1670216771563212,1670216771563216,1670216771563219,1670216771563222,1670216771563228,1670216771563232,1670216771563235,1670216771563237,1670216771563240,1670216771563252,1670216771563258,1670216771563262,1670216771563266,1670216771563269,1670216771563272,1670216771563276,1670216771563279,1670216771563285,1670216771563288,1670216771563292,1670216771563296,1670216771563300,1670216771563303,1670216771563306,1670216771563320,1670216771563324,1670216771563326,1670216771563329,1670216771563331,1670216771563336,1670216771563339,1670216771563342,1670216771563345,1670216771563347,1670216771563350,1670216771563352,1670216771563357,1670216771563361,1670216771563365,1670216771563378,1670216771563381,1670216771563390,1670216771563394,1670216771563398,1670216771563402,1670216771563405,1670216771563408,1670216771563411,1670216771563416,1670216771563419,1670216771563425,1670216771563428,1670216771563432,1670216771563437,1670216771563452,1670216771563456,1670216771563459,1670216771563462,1670216771563466,1670216771563470,1670216771563474,1670216771563479,1670216771563482,1670216771563486,1670216771563489,1670216771563492,1670216771563497,1670216771563502,1670216771563506,1670216771563518,1670216771563585,1670216771563592,1670216771563596,1670216771563602,1670216771563607,1670216771563610,1670216771563613,1670216771563616,1670216771563618,1670216771563621,1670216771563625,1670216771563628,1670216771563630,1670216771563632,1670216771563650,1670216771563657,1670216771563661,1670216771563665,1670216771563668,1670216771563671,1670216771563674,1670216771563677,1670216771563683,1670216771563687,1670216771563690,1670216771563693,1670216771563698,1670216771563701,1670216771563706,1670216771563764,1670216771563770,1670216771563773,1670216771563776,1670216771563779,1670216771563784,1670216771563786,1670216771563789,1670216771563792,1670216771563795,1670216771563798,1670216771563801,1670216771563807,1670216771563810,1670216771563813,1670216771563826,1670216771563830,1670216771563833,1670216771563838,1670216771563841,1670216771563844,1670216771563847,1670216771563849,1670216771563852,1670216771563854,1670216771563859,1670216771563862,1670216771563865,1670216771563868,1670216771563871,1670216771563885,1670216771563889,1670216771563892,1670216771563895,1670216771563899,1670216771563903,1670216771563908,1670216771563913,1670216771563916,1670216771563919,1670216771563922,1670216771563926,1670216771563930,1670216771563933,1670216771563939,1670216771563951,1670216771563954,1670216771563957,1670216771563960,1670216771563965,1670216771563969,1670216771563973,1670216771563977,1670216771563981,1670216771563984,1670216771563987,1670216771563993,1670216771563995,1670216771563998,1670216771564000,1670216771564013,1670216771564020,1670216771564024,1670216771564027,1670216771564030,1670216771564033,1670216771564036,1670216771564038,1670216771564044,1670216771564047,1670216771564052,1670216771564056,1670216771564060,1670216771564064,1670216771564067,1670216771564081,1670216771564084,1670216771564087,1670216771564090,1670216771564095,1670216771564100,1670216771564105,1670216771564108,1670216771564112,1670216771564115,1670216771564119,1670216771564122,1670216771564125,1670216771564132,1670216771564136,1670216771564148,1670216771564151,1670216771564153,1670216771564158,1670216771564160,1670216771564163,1670216771564167,1670216771564170,1670216771564174,1670216771564177,1670216771564183,1670216771564186,1670216771564190,1670216771564193,1670216771564196,1670216771564210,1670216771564214,1670216771564218,1670216771564221,1670216771564226,1670216771564228,1670216771564231,1670216771564237,1670216771564240,1670216771564244,1670216771564248,1670216771564252,1670216771564255,1670216771564258,1670216771564263,1670216771564274,1670216771564277,1670216771564281,1670216771564285,1670216771564288,1670216771564303,1670216771564306,1670216771564309,1670216771564312,1670216771564319,1670216771564323,1670216771564329,1670216771564333,1670216771564336,1670216771564339,1670216771564352,1670216771564356,1670216771564362,1670216771564366,1670216771564370,1670216771564374,1670216771564377,1670216771564381,1670216771564385,1670216771564390,1670216771564394,1670216771564398,1670216771564402,1670216771564405,1670216771564408,1670216771564422,1670216771564426,1670216771564429,1670216771564432,1670216771564435,1670216771564438,1670216771564444,1670216771564448,1670216771564451,1670216771564454,1670216771564457,1670216771564460,1670216771564464,1670216771564469,1670216771564474,1670216771564490,1670216771564499,1670216771564506,1670216771564510,1670216771564514,1670216771564518,1670216771564520,1670216771564523,1670216771564528,1670216771564533,1670216771564537,1670216771564540,1670216771564544,1670216771564547,1670216771564551,1670216771564566,1670216771564571,1670216771564574,1670216771564577,1670216771564581,1670216771564584,1670216771564589,1670216771564593,1670216771564597,1670216771564601,1670216771564605,1670216771564608,1670216771564611,1670216771564616,1670216771564619,1670216771564631,1670216771564635,1670216771564637,1670216771564641,1670216771564644,1670216771564647,1670216771564649,1670216771564652,1670216771564655,1670216771564657,1670216771564662,1670216771564678,1670216771564681,1670216771564684,1670216771564687,1670216771564701,1670216771564705,1670216771564709,1670216771564791,1670216771564797,1670216771564802,1670216771564805,1670216771564812,1670216771564816,1670216771564819,1670216771564821,1670216771564824,1670216771564827,1670216771564829,1670216771564834,1670216771564849,1670216771564853,1670216771564858,1670216771564861,1670216771564865,1670216771564870,1670216771564874,1670216771564877,1670216771564880,1670216771564884,1670216771564888,1670216771564892,1670216771564897,1670216771564901,1670216771564905,1670216771564919,1670216771564923,1670216771564930,1670216771564934,1670216771564938,1670216771564941,1670216771564954,1670216771564958,1670216771564962,1670216771564968,1670216771564972,1670216771564975,1670216771564978,1670216771564982,1670216771564985,1670216771565002,1670216771565007,1670216771565010,1670216771565013,1670216771565016,1670216771565020,1670216771565025,1670216771565029,1670216771565033,1670216771565036,1670216771565039,1670216771565042,1670216771565044,1670216771565049,1670216771565053,1670216771565073,1670216771565077,1670216771565081,1670216771565089,1670216771565092,1670216771565096,1670216771565099,1670216771565102,1670216771565106,1670216771565109,1670216771565115,1670216771565118,1670216771565120,1670216771565124,1670216771565127,1670216771565139,1670216771565148,1670216771565154,1670216771565158,1670216771565163,1670216771565167,1670216771565170,1670216771565173,1670216771565179,1670216771565183,1670216771565187,1670216771565191,1670216771565195,1670216771565198,1670216771565202,1670216771565217,1670216771565221,1670216771565224,1670216771565226,1670216771565229,1670216771565236,1670216771565239,1670216771565243,1670216771565246,1670216771565249,1670216771565253,1670216771565257,1670216771565262,1670216771565266,1670216771565270,1670216771565282,1670216771565286,1670216771565292,1670216771565295,1670216771565306,1670216771565309,1670216771565313,1670216771565316,1670216771565320,1670216771565326,1670216771565330,1670216771565334,1670216771565339,1670216771565343,1670216771565346,1670216771565361,1670216771565365,1670216771565370,1670216771565373,1670216771565377,1670216771565380,1670216771565384,1670216771565389,1670216771565393,1670216771565397,1670216771565401,1670216771565405,1670216771565407,1670216771565413,1670216771565417,1670216771565429,1670216771565434,1670216771565436,1670216771565439,1670216771565446,1670216771565450,1670216771565454,1670216771565458,1670216771565462,1670216771565467,1670216771565470,1670216771565476,1670216771565479,1670216771565483,1670216771565487,1670216771565500,1670216771565507,1670216771565510,1670216771565513,1670216771565516,1670216771565520,1670216771565524,1670216771565529,1670216771565535,1670216771565539,1670216771565542,1670216771565545,1670216771565549,1670216771565553,1670216771565558,1670216771565573,1670216771565577,1670216771565581,1670216771565586,1670216771565590,1670216771565595,1670216771565600,1670216771565603,1670216771565606,1670216771565615,1670216771565620,1670216771565623,1670216771565629,1670216771565632,1670216771565635,1670216771565648,1670216771565653,1670216771565661,1670216771565664,1670216771565667,1670216771565673,1670216771565677,1670216771565681,1670216771565685,1670216771565688,1670216771565691,1670216771565694,1670216771565700,1670216771565710,1670216771565714,1670216771565728,1670216771565732,1670216771565737,1670216771565742,1670216771565746,1670216771565753,1670216771565758,1670216771565761,1670216771565765,1670216771565771,1670216771565775,1670216771565778,1670216771565781,1670216771565784,1670216771565788,1670216771565804,1670216771565809,1670216771565813,1670216771565817,1670216771565820,1670216771565823,1670216771565827,1670216771565832,1670216771565837,1670216771565840,1670216771565843,1670216771565847,1670216771565850,1670216771565855,1670216771565859,1670216771565873,1670216771565879,1670216771565882,1670216771565886,1670216771565891,1670216771565896,1670216771565900,1670216771565904,1670216771565907,1670216771568980,1670216771569007,1670216771569018,1670216771569022,1670216771569025,1670216771569039,1670216771569057,1670216771569064,1670216771569068,1670216771569071,1670216771569075,1670216771569079,1670216771569083,1670216771569087,1670216771569093,1670216771569097,1670216771569102,1670216771569106,1670216771569109,1670216771569113,1670216771569116,1670216771569132,1670216771569136,1670216771569139,1670216771569143,1670216771569146,1670216771569152,1670216771569155,1670216771569158,1670216771569161,1670216771569164,1670216771569167,1670216771569170,1670216771569175,1670216771569178,1670216771569181,1670216771569196,1670216771569201,1670216771569204,1670216771569209,1670216771569214,1670216771569219,1670216771569223,1670216771569226,1670216771569229,1670216771569233,1670216771569237,1670216771569242,1670216771569246,1670216771569250,1670216771569253,1670216771569268,1670216771569272,1670216771569276,1670216771569280,1670216771569284,1670216771569287,1670216771569290,1670216771569295,1670216771569305,1670216771569310,1670216771569315,1670216771569318,1670216771569322,1670216771569325,1670216771569330,1670216771569345,1670216771569350,1670216771572411,1670216771572419,1670216771572424,1670216771572427,1670216771572430,1670216771572434,1670216771572437,1670216771572439,1670216771572442,1670216771572454,1670216771572459,1670216771572463,1670216771572467,1670216771572485,1670216771572491,1670216771572497,1670216771572502,1670216771572507,1670216771572511,1670216771572515,1670216771572519,1670216771572526,1670216771572530,1670216771572534,1670216771572538,1670216771572541,1670216771572545,1670216771572549,1670216771572565,1670216771572570,1670216771572574,1670216771572579,1670216771572583,1670216771572587,1670216771572593,1670216771572598,1670216771572602,1670216771572606,1670216771572611,1670216771572613,1670216771572616,1670216771572621,1670216771572625,1670216771572641,1670216771572645,1670216771572649,1670216771572655,1670216771572659,1670216771572664,1670216771572668,1670216771572672,1670216771575794,1670216771575815,1670216771575828,1670216771575833,1670216771575837,1670216771575841,1670216771575845,1670216771575879,1670216771575885,1670216771575890,1670216771575898,1670216771575902,1670216771575907,1670216771575911,1670216771575918,1670216771575923,1670216771575927,1670216771575932,1670216771575937,1670216771575941,1670216771575946,1670216771575953,1670216771575972,1670216771575977,1670216771575981,1670216771575985,1670216771575989,1670216771575996,1670216771576001,1670216771576006,1670216771576010,1670216771576015,1670216771576019,1670216771576025,1670216771576029,1670216771576033,1670216771576038,1670216771576064,1670216771576075,1670216771576082,1670216771576086,1670216771576090,1670216771576094,1670216771576098,1670216771576104,1670216771576109,1670216771576115,1670216771576120,1670216771576124,1670216771576131,1670216771576134,1670216771576138,1670216771576156,1670216771576162,1670216771576167,1670216771576171,1670216771579292,1670216771579360,1670216771579395,1670216771579399,1670216771579403,1670216771579407,1670216771579412,1670216771579415,1670216771579418,1670216771579423,1670216771579427,1670216771579463,1670216771579468,1670216771579472,1670216771579479,1670216771579482,1670216771579486,1670216771579491,1670216771579494,1670216771579498,1670216771579501,1670216771579507,1670216771579513,1670216771579518,1670216771579521,1670216771579525,1670216771579596,1670216771579605,1670216771579609,1670216771579612,1670216771579616,1670216771579621,1670216771579624,1670216771579628,1670216771579634,1670216771579638,1670216771579641,1670216771579645,1670216771579649,1670216771579653,1670216771579659,1670216771579676,1670216771579680,1670216771579686,1670216771579690,1670216771579693,1670216771579699,1670216771579703,1670216771579706,1670216771579710,1670216771579717,1670216771579721,1670216771579725,1670216771579731,1670216771579735,1670216771579739,1670216771579754,1670216771579758,1670216771579767,1670216771579771,1670216771579775,1670216771579779,1670216771579783,1670216771582894,1670216771582944,1670216771582968,1670216771582972,1670216771582975,1670216771582979,1670216771582982,1670216771582984,1670216771583021,1670216771583026,1670216771583030,1670216771583033,1670216771583037,1670216771583041,1670216771583047,1670216771583050,1670216771583054,1670216771583058,1670216771583062,1670216771583066,1670216771583069,1670216771583075,1670216771583080,1670216771583127,1670216771583133,1670216771583136,1670216771583142,1670216771583146,1670216771583151,1670216771583154,1670216771583160,1670216771583165,1670216771583170,1670216771583173,1670216771583178,1670216771583182,1670216771583186,1670216771583192,1670216771583208,1670216771583214,1670216771583218,1670216771583222,1670216771583228,1670216771583234,1670216771583238,1670216771583241,1670216771583245,1670216771583249,1670216771583254,1670216771583259,1670216771583264,1670216771583269,1670216771583273,1670216771583288,1670216771583292,1670216771583301,1670216771583305,1670216771583309,1670216771583313,1670216771583317,1670216771583322,1670216771583326,1670216771583332,1670216771583337,1670216771583341,1670216771583345,1670216771583348,1670216771583353,1670216771586438,1670216771586476,1670216771586484,1670216771586490,1670216771586495,1670216771586501,1670216771586512,1670216771586517,1670216771586523,1670216771586535,1670216771586540,1670216771586547,1670216771586555,1670216771586563,1670216771586569,1670216771586607,1670216771586614,1670216771586620,1670216771586627,1670216771586633,1670216771586638,1670216771586645,1670216771586652,1670216771586657,1670216771586664,1670216771586672,1670216771586677,1670216771586682,1670216771586688,1670216771586692,1670216771586716,1670216771586722,1670216771586727,1670216771586736,1670216771586741,1670216771586746,1670216771586761,1670216771586770,1670216771586776,1670216771586792,1670216771586797,1670216771586803,1670216771586808,1670216771586813,1670216771586821,1670216771586842,1670216771586849,1670216771586854,1670216771586859,1670216771586866,1670216771586873,1670216771589947,1670216771589970,1670216771589977,1670216771589983,1670216771589988,1670216771589996,1670216771590008,1670216771590014,1670216771590019,1670216771590058,1670216771590065,1670216771590073,1670216771590078,1670216771590084,1670216771590090,1670216771590095,1670216771590100,1670216771590109,1670216771590117,1670216771590123,1670216771590128,1670216771590134,1670216771590139,1670216771590144,1670216771590170,1670216771590176,1670216771590182,1670216771590188,1670216771590195,1670216771590201,1670216771590211,1670216771590217,1670216771590222,1670216771590227,1670216771590233,1670216771590239,1670216771590245,1670216771590252,1670216771590257,1670216771590279,1670216771590285,1670216771590290,1670216771590297,1670216771590303,1670216771590316,1670216771590323,1670216771590329,1670216771590334,1670216771590339,1670216771590347,1670216771590351,1670216771590356,1670216771590362,1670216771590368,1670216771590387,1670216771590395,1670216771590402,1670216771590407,1670216771590414,1670216771590419,1670216771590424,1670216771590430,1670216771590437,1670216771590442,1670216771590448,1670216771590453,1670216771590459,1670216771590463,1670216771593538,1670216771593613,1670216771593630,1670216771593637,1670216771593642,1670216771593647,1670216771593656,1670216771593663,1670216771593669,1670216771593673,1670216771593679,1670216771593685,1670216771593690,1670216771593697,1670216771593702,1670216771593707,1670216771593731,1670216771593738,1670216771593746,1670216771593753,1670216771593758,1670216771593763,1670216771593769,1670216771593774,1670216771593780,1670216771593788,1670216771593794,1670216771593804,1670216771593810,1670216771593816,1670216771593822,1670216771593845,1670216771593852,1670216771593858,1670216771593864,1670216771593869,1670216771593874,1670216771593880,1670216771593888,1670216771593893,1670216771593900,1670216771593905,1670216771593910,1670216771593916,1670216771593924,1670216771593930,1670216771593950,1670216771593957,1670216771593963,1670216771593969,1670216771593978,1670216771597109,1670216771597164,1670216771597181,1670216771597189,1670216771597196,1670216771597202,1670216771597220,1670216771597226,1670216771597233,1670216771597241,1670216771597295,1670216771597317,1670216771597324,1670216771597333,1670216771597339,1670216771597346,1670216771597352,1670216771597359,1670216771597370,1670216771597377,1670216771597385,1670216771597393,1670216771597399,1670216771597406,1670216771597413,1670216771597446,1670216771597454,1670216771597461,1670216771597468,1670216771597475,1670216771597485,1670216771597491,1670216771597498,1670216771597506,1670216771597513,1670216771597520,1670216771597528,1670216771597538,1670216771597546,1670216771597553,1670216771597579,1670216771597587,1670216771597594,1670216771597603,1670216771597610,1670216771597616,1670216771597624,1670216771597630,1670216771597636,1670216771597644,1670216771597654,1670216771597662,1670216771597669,1670216771597676,1670216771597682,1670216771597722,1670216771597729,1670216771597737,1670216771597744,1670216771597751,1670216771597757,1670216771597764,1670216771597773,1670216771597781,1670216771597787,1670216771597793,1670216771597801,1670216771597806,1670216771600929,1670216771600968,1670216771601019,1670216771601028,1670216771601036,1670216771601043,1670216771601054,1670216771601061,1670216771601068,1670216771601073,1670216771601080,1670216771601088,1670216771601095,1670216771601111,1670216771601117,1670216771601123,1670216771601129,1670216771601159,1670216771601170,1670216771601177,1670216771601184,1670216771601190,1670216771601203,1670216771601209,1670216771601216,1670216771601225,1670216771601232,1670216771601237,1670216771601244,1670216771601251,1670216771601259,1670216771601266,1670216771601297,1670216771601315,1670216771601322,1670216771601380,1670216771601388,1670216771601395,1670216771601401,1670216771601409,1670216771601416,1670216771601422,1670216771601431,1670216771601437,1670216771601444,1670216771601452,1670216771601459,1670216771601489,1670216771601496,1670216771601503,1670216771601510,1670216771601516,1670216771601523,1670216771601528,1670216771601539,1670216771601546,1670216771601553,1670216771601560,1670216771601566,1670216771601573,1670216771601580,1670216771601589,1670216771601615,1670216771601622,1670216771601630,1670216771601635,1670216771601663,1670216771601680,1670216771604811,1670216771604853,1670216771604865,1670216771604875,1670216771604883,1670216771604901,1670216771604910,1670216771604919,1670216771604928,1670216771605024,1670216771605045,1670216771605055,1670216771605064,1670216771605085,1670216771605091,1670216771605098,1670216771605103,1670216771605110,1670216771605117,1670216771605122,1670216771605126,1670216771605131,1670216771605135,1670216771605140,1670216771605205,1670216771605218,1670216771605226,1670216771605235,1670216771605245,1670216771605267,1670216771605280,1670216771605289,1670216771605298,1670216771605319,1670216771605329,1670216771605339,1670216771605351,1670216771605360,1670216771605389,1670216771605430,1670216771605450,1670216771605460,1670216771605473,1670216771605482,1670216771605492,1670216771605503,1670216771605512,1670216771605536,1670216771605559,1670216771605572,1670216771605581,1670216771605591,1670216771605600,1670216771605610,1670216771605652,1670216771605661,1670216771605671,1670216771605680,1670216771605690,1670216771605698,1670216771605707,1670216771605720,1670216771605729,1670216771605738,1670216771605747,1670216771605757,1670216771605766,1670216771605775,1670216771608915,1670216771609053,1670216771609095,1670216771609106,1670216771609115,1670216771609137,1670216771609147,1670216771609155,1670216771609165,1670216771609174,1670216771609184,1670216771609193,1670216771609208,1670216771609217,1670216771609226,1670216771609235,1670216771609276,1670216771609286,1670216771609298,1670216771609321,1670216771609329,1670216771609339,1670216771609347,1670216771609356,1670216771609365,1670216771609377,1670216771609387,1670216771609396,1670216771609405,1670216771609413,1670216771609422,1670216771609460,1670216771609469,1670216771609479,1670216771609488,1670216771609498,1670216771609507,1670216771609519,1670216771609528,1670216771609537,1670216771609546,1670216771609560,1670216771609569,1670216771609581,1670216771609593,1670216771609602,1670216771609649,1670216771609661,1670216771609669,1670216771609683,1670216771609691,1670216771609700,1670216771609709,1670216771609719,1670216771609728,1670216771609737,1670216771609750,1670216771609760,1670216771609769,1670216771609780,1670216771609789,1670216771609844,1670216771609854,1670216771609865,1670216771609876,1670216771609885,1670216771609898,1670216771609909,1670216771613042,1670216771613083,1670216771613095,1670216771613105,1670216771613114,1670216771613131,1670216771613141,1670216771613150,1670216771613212,1670216771613223,1670216771613232,1670216771613248,1670216771613257,1670216771613266,1670216771613275,1670216771613284,1670216771613293,1670216771613314,1670216771613326,1670216771613338,1670216771613346,1670216771613355,1670216771613364,1670216771613406,1670216771613415,1670216771613424,1670216771613434,1670216771613442,1670216771613451,1670216771613460,1670216771613473,1670216771613482,1670216771613490,1670216771613501,1670216771613511,1670216771613520,1670216771613529,1670216771613541,1670216771613574,1670216771613583,1670216771613593,1670216771613602,1670216771613615,1670216771613626,1670216771613635,1670216771613644,1670216771613661,1670216771613671,1670216771613680,1670216771613709,1670216771613720,1670216771613729,1670216771613738,1670216771613770,1670216771613783,1670216771613792,1670216771613801,1670216771613810,1670216771613819,1670216771613828,1670216771613838,1670216771613850,1670216771613859,1670216771613868,1670216771613877,1670216771613887,1670216771613896,1670216771613907,1670216771617071,1670216771617111,1670216771617123,1670216771617133,1670216771617145,1670216771617155,1670216771617174,1670216771617183,1670216771617193,1670216771617203,1670216771617213,1670216771617223,1670216771617233,1670216771617246,1670216771617255,1670216771617336,1670216771617347,1670216771617357,1670216771617371,1670216771617386,1670216771617396,1670216771617406,1670216771617416,1670216771617426,1670216771617436,1670216771617449,1670216771617459,1670216771617469,1670216771617478,1670216771617488,1670216771617533,1670216771617544,1670216771617554,1670216771617563,1670216771617574,1670216771617584,1670216771617593,1670216771617610,1670216771617620,1670216771617630,1670216771617639,1670216771617650,1670216771617660,1670216771617669,1670216771617682,1670216771617718,1670216771617728,1670216771617738,1670216771617752,1670216771617762,1670216771617778,1670216771617790,1670216771617799,1670216771617812,1670216771617822,1670216771617832,1670216771617846,1670216771617857,1670216771617867,1670216771617878,1670216771617915,1670216771617925,1670216771617939,1670216771617949,1670216771617958,1670216771617968,1670216771617977,1670216771617987,1670216771621121,1670216771621175,1670216771621187,1670216771621203,1670216771621213,1670216771621223,1670216771621232,1670216771621349,1670216771621361,1670216771621371,1670216771621380,1670216771621393,1670216771621403,1670216771621413,1670216771621422,1670216771621432,1670216771621442,1670216771621451,1670216771621464,1670216771621477,1670216771621487,1670216771621500,1670216771621542,1670216771621563,1670216771621575,1670216771621585,1670216771621593,1670216771621602,1670216771621612,1670216771621622,1670216771621635,1670216771621645,1670216771621655,1670216771621665,1670216771621675,1670216771621685,1670216771621694,1670216771621736,1670216771621746,1670216771621756,1670216771621769,1670216771621779,1670216771621793,1670216771621804,1670216771621814,1670216771621825,1670216771621835,1670216771621844,1670216771621857,1670216771621872,1670216771621883,1670216771621895,1670216771621930,1670216771621940,1670216771621953,1670216771621963,1670216771621973,1670216771621983,1670216771621994,1670216771622004,1670216771622013,1670216771622029,1670216771622039,1670216771622048,1670216771622058,1670216771622068,1670216771622080,1670216771622120,1670216771625256,1670216771625316,1670216771625328,1670216771625341,1670216771625350,1670216771625360,1670216771625558,1670216771625569,1670216771625579,1670216771625590,1670216771625600,1670216771625610,1670216771625641,1670216771625657,1670216771625739,1670216771625751,1670216771625762,1670216771625772,1670216771625787,1670216771625797,1670216771625808,1670216771625818,1670216771625829,1670216771625838,1670216771625849,1670216771625864,1670216771625875,1670216771625885,1670216771625896,1670216771625947,1670216771625964,1670216771625974,1670216771625986,1670216771625996,1670216771626007,1670216771626017,1670216771626029,1670216771626044,1670216771626055,1670216771626065,1670216771626075,1670216771626087,1670216771626097,1670216771626107,1670216771626147,1670216771626158,1670216771626167,1670216771626177,1670216771626187,1670216771626200,1670216771626210,1670216771626220,1670216771626231,1670216771626241,1670216771626251,1670216771626261,1670216771626274,1670216771626284,1670216771626295,1670216771626329,1670216771626349,1670216771626360,1670216771626379,1670216771626389,1670216771626402,1670216771626412,1670216771626423,1670216771626433,1670216771626443,1670216771626493,1670216771626501,1670216771626508,1670216771626515,1670216771626526,1670216771626576,1670216771626586,1670216771626592,1670216771626600,1670216771626610,1670216771626620,1670216771626630,1670216771626644,1670216771626655,1670216771626665,1670216771629753,1670216771629796,1670216771629808,1670216771629819,1670216771629841,1670216771629908,1670216771629920,1670216771629931,1670216771629941,1670216771629957,1670216771629967,1670216771629978,1670216771629989,1670216771629999,1670216771630009,1670216771630021,1670216771630037,1670216771630048,1670216771630058,1670216771630072,1670216771630111,1670216771630124,1670216771630140,1670216771630151,1670216771630161,1670216771630171,1670216771630182,1670216771630194,1670216771630204,1670216771630217,1670216771630228,1670216771630241,1670216771630251,1670216771630263,1670216771630274,1670216771630315,1670216771630326,1670216771630337,1670216771630347,1670216771630358,1670216771630369,1670216771630383,1670216771630393,1670216771630403,1670216771630411,1670216771630421,1670216771630430,1670216771630440,1670216771630454,1670216771630467,1670216771630501,1670216771630512,1670216771630524,1670216771630539,1670216771630550,1670216771630560,1670216771630570,1670216771630578,1670216771630589,1670216771630599,1670216771630613,1670216771630624,1670216771630635,1670216771630646,1670216771630656,1670216771630793,1670216771630807,1670216771630818,1670216771630829,1670216771633904,1670216771633918,1670216771633928,1670216771633942,1670216771633952,1670216771633961,1670216771633971,1670216771633981,1670216771633991,1670216771634000,1670216771634017,1670216771634060,1670216771634070,1670216771634079,1670216771634091,1670216771634100,1670216771634113,1670216771634122,1670216771634131,1670216771634141,1670216771634150,1670216771634159,1670216771634173,1670216771634181,1670216771634191,1670216771634200,1670216771634232,1670216771634242,1670216771634255,1670216771634264,1670216771634279,1670216771634289,1670216771634299,1670216771634310,1670216771634319,1670216771634333,1670216771634343,1670216771634355,1670216771634364,1670216771634374,1670216771634385,1670216771634423,1670216771634433,1670216771634443,1670216771634455,1670216771634465,1670216771634475,1670216771634489,1670216771634499,1670216771634509,1670216771634520,1670216771634530,1670216771634540,1670216771634551,1670216771634565,1670216771634575,1670216771634625,1670216771634635,1670216771634645,1670216771634659,1670216771634669,1670216771634682,1670216771634691,1670216771634702,1670216771634712,1670216771634722,1670216771634735,1670216771634746,1670216771637838,1670216771637889,1670216771637902,1670216771637995,1670216771638018,1670216771638028,1670216771638036,1670216771638046,1670216771638055,1670216771638065,1670216771638075,1670216771638088,1670216771638098,1670216771638109,1670216771638119,1670216771638129,1670216771638140,1670216771638149,1670216771638221,1670216771638232,1670216771638241,1670216771638252,1670216771638261,1670216771638275,1670216771638285,1670216771638295,1670216771638305,1670216771638315,1670216771638325,1670216771638334,1670216771638357,1670216771638367,1670216771638377,1670216771638461,1670216771638474,1670216771638493,1670216771638505,1670216771638515,1670216771638525,1670216771638534,1670216771638544,1670216771638555,1670216771638569,1670216771638579,1670216771638591,1670216771638600,1670216771638611,1670216771638621,1670216771638681,1670216771638695,1670216771638704,1670216771638714,1670216771638724,1670216771638734,1670216771638747,1670216771638757,1670216771638767,1670216771638777,1670216771638787,1670216771638803,1670216771638813,1670216771638829,1670216771638839,1670216771638888,1670216771638898,1670216771638909,1670216771638919,1670216771638933,1670216771642026,1670216771642077,1670216771642090,1670216771642101,1670216771642111,1670216771642121,1670216771642145,1670216771642156,1670216771642173,1670216771642183,1670216771642359,1670216771642378,1670216771642388,1670216771642399,1670216771642410,1670216771642419,1670216771642428,1670216771642437,1670216771642451,1670216771642461,1670216771642471,1670216771642481,1670216771642491,1670216771642500,1670216771642510,1670216771642554,1670216771642565,1670216771642574,1670216771642584,1670216771642594,1670216771642607,1670216771642617,1670216771642627,1670216771642638,1670216771642649,1670216771642659,1670216771642669,1670216771642682,1670216771642692,1670216771642703,1670216771642728,1670216771642738,1670216771642748,1670216771642761,1670216771642772,1670216771642782,1670216771642792,1670216771642802,1670216771642812,1670216771642822,1670216771642838,1670216771642848,1670216771642860,1670216771642870,1670216771642880,1670216771642909,1670216771642919,1670216771642928,1670216771642938,1670216771642949,1670216771642959,1670216771642970,1670216771642988,1670216771642997,1670216771643007,1670216771643017,1670216771643028,1670216771643038,1670216771646131,1670216771646188,1670216771646245,1670216771646257,1670216771646267,1670216771646277,1670216771646294,1670216771646303,1670216771646313,1670216771646323,1670216771646333,1670216771646343,1670216771646353,1670216771646367,1670216771646377,1670216771646388,1670216771646398,1670216771646428,1670216771646442,1670216771646452,1670216771646462,1670216771646472,1670216771646482,1670216771646492,1670216771646501,1670216771646514,1670216771646524,1670216771646534,1670216771646545,1670216771646555,1670216771646565,1670216771646575,1670216771646604,1670216771646622,1670216771646633,1670216771646643,1670216771646653,1670216771646663,1670216771646676,1670216771646686,1670216771646697,1670216771646707,1670216771646719,1670216771646728,1670216771646742,1670216771646752,1670216771646762,1670216771646788,1670216771646800,1670216771646809,1670216771646822,1670216771646833,1670216771646843,1670216771646853,1670216771646869,1670216771646878,1670216771646889,1670216771646903,1670216771646913,1670216771646923,1670216771646933,1670216771646943,1670216771646970,1670216771646981,1670216771646990,1670216771647002,1670216771647012,1670216771647023,1670216771650118,1670216771650179,1670216771650192,1670216771650203,1670216771650214,1670216771650226,1670216771650237,1670216771650248,1670216771650267,1670216771650323,1670216771650335,1670216771650346,1670216771650356,1670216771650371,1670216771650382,1670216771650392,1670216771650403,1670216771650413,1670216771650425,1670216771650434,1670216771650451,1670216771650470,1670216771650480,1670216771650492,1670216771650522,1670216771650540,1670216771650563,1670216771650574,1670216771650585,1670216771650595,1670216771650606,1670216771650616,1670216771650628,1670216771650643,1670216771650655,1670216771650666,1670216771650673,1670216771650681,1670216771650690,1670216771650722,1670216771650733,1670216771650743,1670216771650754,1670216771650765,1670216771650775,1670216771650789,1670216771650800,1670216771650811,1670216771650821,1670216771650832,1670216771650843,1670216771650854,1670216771650867,1670216771650878,1670216771650903,1670216771650913,1670216771650923,1670216771650937,1670216771650948,1670216771650958,1670216771650968,1670216771650979,1670216771650988,1670216771650998,1670216771651012,1670216771651022,1670216771651033,1670216771651043,1670216771654135,1670216771654236,1670216771654251,1670216771654264,1670216771654273,1670216771654283,1670216771654293,1670216771654302,1670216771654315,1670216771654325,1670216771654335,1670216771654345,1670216771654354,1670216771654364,1670216771654374,1670216771654387,1670216771654419,1670216771654429,1670216771654439,1670216771654449,1670216771654459,1670216771654473,1670216771654483,1670216771654493,1670216771654503,1670216771654513,1670216771654524,1670216771654546,1670216771654560,1670216771654571,1670216771654581,1670216771654615,1670216771654652,1670216771654666,1670216771654676,1670216771654699,1670216771654714,1670216771654724,1670216771654748,1670216771654757,1670216771654770,1670216771654783,1670216771654795,1670216771654806,1670216771654816,1670216771654826,1670216771654859,1670216771654871,1670216771654881,1670216771654891,1670216771654903,1670216771654913,1670216771654926,1670216771654936,1670216771654946,1670216771654956,1670216771654966,1670216771654976,1670216771654987,1670216771655000,1670216771655010,1670216771655034,1670216771655044,1670216771655053,1670216771655064,1670216771655077,1670216771655087,1670216771655097,1670216771658192,1670216771658238,1670216771658251,1670216771658269,1670216771658280,1670216771658290,1670216771658301,1670216771658322,1670216771658376,1670216771658394,1670216771658404,1670216771658415,1670216771658425,1670216771658434,1670216771658443,1670216771658451,1670216771658465,1670216771658475,1670216771658485,1670216771658495,1670216771658505,1670216771658515,1670216771658525,1670216771658557,1670216771658568,1670216771658577,1670216771658587,1670216771658598,1670216771658608,1670216771658618,1670216771658628,1670216771658654,1670216771658664,1670216771658676,1670216771658687,1670216771658697,1670216771658710,1670216771658721,1670216771658751,1670216771658762,1670216771658771,1670216771658782,1670216771658795,1670216771658804,1670216771658815,1670216771658825,1670216771658835,1670216771658844,1670216771658856,1670216771658869,1670216771658878,1670216771658888,1670216771658898,1670216771658921,1670216771658935,1670216771658945,1670216771658955,1670216771658965,1670216771658975,1670216771658984,1670216771658994,1670216771659007,1670216771659017,1670216771659026,1670216771659037,1670216771659046,1670216771659057,1670216771659066,1670216771662176,1670216771662225,1670216771662238,1670216771662247,1670216771662257,1670216771662280,1670216771662288,1670216771662298,1670216771662307,1670216771662324,1670216771662334,1670216771662344,1670216771662358,1670216771662368,1670216771662378,1670216771662658,1670216771662671,1670216771662681,1670216771662696,1670216771662705,1670216771662714,1670216771662724,1670216771662737,1670216771662747,1670216771662756,1670216771662769,1670216771662779,1670216771662789,1670216771662799,1670216771662808,1670216771662846,1670216771662856,1670216771662866,1670216771662876,1670216771662886,1670216771662896,1670216771662906,1670216771662919,1670216771662931,1670216771662944,1670216771662955,1670216771662965,1670216771662975,1670216771662985,1670216771662998,1670216771663025,1670216771663035,1670216771663045,1670216771663055,1670216771663071,1670216771663081,1670216771663091,1670216771663101,1670216771663111,1670216771663120,1670216771663130,1670216771663143,1670216771663153,1670216771663165,1670216771663175,1670216771663199,1670216771663216,1670216771663226,1670216771663236,1670216771663247,1670216771663256,1670216771663266,1670216771663276,1670216771663289,1670216771663299,1670216771663309,1670216771663319,1670216771663329,1670216771666421,1670216771666466,1670216771666531,1670216771666543,1670216771666559,1670216771666569,1670216771666579,1670216771666588,1670216771666603,1670216771666613,1670216771666622,1670216771666632,1670216771666642,1670216771666652,1670216771666662,1670216771666676,1670216771666686,1670216771666718,1670216771666729,1670216771666738,1670216771666754,1670216771666772,1670216771666782,1670216771666792,1670216771666803,1670216771666813,1670216771666823,1670216771666840,1670216771666852,1670216771666863,1670216771666873,1670216771666883,1670216771666927,1670216771666937,1670216771666948,1670216771666957,1670216771666967,1670216771666978,1670216771666988,1670216771667003,1670216771667013,1670216771667025,1670216771667034,1670216771667044,1670216771667056,1670216771667078,1670216771667092,1670216771667118,1670216771667129,1670216771667138,1670216771667152,1670216771667166,1670216771667176,1670216771667185,1670216771667196,1670216771667205,1670216771667215,1670216771667224,1670216771667239,1670216771667250,1670216771667261,1670216771667271,1670216771667294,1670216771667304,1670216771667318,1670216771667328,1670216771667338,1670216771667349,1670216771667359,1670216771670451,1670216771670527,1670216771670562,1670216771670572,1670216771670582,1670216771670592,1670216771670602,1670216771670611,1670216771670682,1670216771670695,1670216771670704,1670216771670716,1670216771670725,1670216771670736,1670216771670749,1670216771670759,1670216771670769,1670216771670779,1670216771670788,1670216771670800,1670216771670810,1670216771670823,1670216771670837,1670216771670893,1670216771670906,1670216771670916,1670216771670930,1670216771670940,1670216771670950,1670216771670960,1670216771670971,1670216771670980,1670216771670990,1670216771671003,1670216771671014,1670216771671024,1670216771671034,1670216771671043,1670216771671069,1670216771671083,1670216771671093,1670216771671102,1670216771671115,1670216771671125,1670216771671134,1670216771671145,1670216771671159,1670216771671169,1670216771671181,1670216771671191,1670216771671200,1670216771671210,1670216771671227,1670216771671249,1670216771671259,1670216771671269,1670216771671279,1670216771671288,1670216771671301,1670216771671311,1670216771671321,1670216771671331,1670216771671340,1670216771671350,1670216771671360,1670216771671373,1670216771671383,1670216771671392,1670216771671414,1670216771671424,1670216771671437,1670216771671447,1670216771671457,1670216771674552,1670216771674600,1670216771674612,1670216771674623,1670216771674642,1670216771674652,1670216771674663,1670216771674673,1670216771674683,1670216771674692,1670216771674744,1670216771674755,1670216771674766,1670216771674776,1670216771674785,1670216771674796,1670216771674810,1670216771674822,1670216771674832,1670216771674842,1670216771674852,1670216771674862,1670216771674881,1670216771674895,1670216771674905,1670216771674935,1670216771674946,1670216771674956,1670216771674967,1670216771674981,1670216771674992,1670216771675001,1670216771675012,1670216771675021,1670216771675031,1670216771675044,1670216771675054,1670216771675063,1670216771675073,1670216771675083,1670216771675106,1670216771675120,1670216771675130,1670216771675139,1670216771675149,1670216771675160,1670216771675170,1670216771675180,1670216771675195,1670216771675204,1670216771675215,1670216771675225,1670216771675235,1670216771675245,1670216771675255,1670216771675295,1670216771675305,1670216771675315,1670216771675325,1670216771675334,1670216771675349,1670216771675359,1670216771675369,1670216771675383,1670216771675395,1670216771678486,1670216771678529,1670216771678552,1670216771678562,1670216771678572,1670216771678625,1670216771678635,1670216771678653,1670216771678664,1670216771678674,1670216771678686,1670216771678696,1670216771678707,1670216771678717,1670216771678731,1670216771678741,1670216771678751,1670216771678761,1670216771678771,1670216771678781,1670216771678815,1670216771678826,1670216771678835,1670216771678845,1670216771678855,1670216771678865,1670216771678876,1670216771678889,1670216771678899,1670216771678909,1670216771678919,1670216771678929,1670216771678947,1670216771678958,1670216771678971,1670216771678996,1670216771679007,1670216771679017,1670216771679028,1670216771679041,1670216771679053,1670216771679062,1670216771679072,1670216771679082,1670216771679092,1670216771679102,1670216771679114,1670216771679125,1670216771679134,1670216771679144,1670216771679167,1670216771679181,1670216771679191,1670216771679202,1670216771679211,1670216771679221,1670216771679231,1670216771679241,1670216771679255,1670216771679265,1670216771679275,1670216771679285,1670216771679294,1670216771679305,1670216771679315,1670216771679341,1670216771682436,1670216771682481,1670216771682504,1670216771682516,1670216771682540,1670216771682552,1670216771682562,1670216771682572,1670216771682583,1670216771682593,1670216771682604,1670216771682618,1670216771682628,1670216771682638,1670216771682688,1670216771682699,1670216771682709,1670216771682722,1670216771682735,1670216771682745,1670216771682755,1670216771682765,1670216771682774,1670216771682784,1670216771682799,1670216771682809,1670216771682822,1670216771682832,1670216771682842,1670216771682890,1670216771682903,1670216771682913,1670216771682925,1670216771682935,1670216771682945,1670216771682956,1670216771682973,1670216771682984,1670216771682994,1670216771683003,1670216771683013,1670216771683024,1670216771683034,1670216771683047,1670216771683084,1670216771683095,1670216771683104,1670216771683116,1670216771683129,1670216771683139,1670216771683150,1670216771683160,1670216771683170,1670216771683180,1670216771683190,1670216771683211,1670216771683221,1670216771683231,1670216771683241,1670216771683264,1670216771683277,1670216771683303,1670216771683326,1670216771683334,1670216771683344,1670216771683354,1670216771683366,1670216771686459,1670216771686512,1670216771686529,1670216771686540,1670216771686551,1670216771686562,1670216771686572,1670216771686640,1670216771686655,1670216771686666,1670216771686680,1670216771686690,1670216771686701,1670216771686715,1670216771686726,1670216771686737,1670216771686747,1670216771686757,1670216771686767,1670216771686777,1670216771686792,1670216771686801,1670216771686901,1670216771686914,1670216771686924,1670216771686951,1670216771686962,1670216771686973,1670216771686984,1670216771686996,1670216771687010,1670216771687021,1670216771687035,1670216771687046,1670216771687059,1670216771687069,1670216771687080,1670216771687104,1670216771687117,1670216771687127,1670216771687138,1670216771687148,1670216771687159,1670216771687170,1670216771687188,1670216771687199,1670216771687210,1670216771687221,1670216771687232,1670216771687243,1670216771687254,1670216771687273,1670216771687295,1670216771687306,1670216771687316,1670216771687326,1670216771687338,1670216771687352,1670216771687362,1670216771687373,1670216771687386,1670216771687397,1670216771687407,1670216771687425,1670216771687436,1670216771687446,1670216771687458,1670216771687478,1670216771687489,1670216771687502,1670216771687515,1670216771687525,1670216771687537,1670216771687547,1670216771687558,1670216771687568,1670216771687582,1670216771687593,1670216771690686,1670216771690733,1670216771690746,1670216771690757,1670216771690803,1670216771690815,1670216771690825,1670216771690836,1670216771690846,1670216771690855,1670216771690870,1670216771690879,1670216771690889,1670216771690900,1670216771690910,1670216771690920,1670216771690930,1670216771690944,1670216771690954,1670216771690977,1670216771690987,1670216771690998,1670216771691011,1670216771691021,1670216771691031,1670216771691041,1670216771691052,1670216771691061,1670216771691071,1670216771691085,1670216771691095,1670216771691104,1670216771691115,1670216771691124,1670216771691145,1670216771691161,1670216771691172,1670216771691182,1670216771691194,1670216771691204,1670216771691213,1670216771691224,1670216771691238,1670216771691248,1670216771691258,1670216771691268,1670216771691278,1670216771691287,1670216771691298,1670216771691319,1670216771691330,1670216771691340,1670216771691350,1670216771691360,1670216771691374,1670216771691384,1670216771691394,1670216771691404,1670216771691414,1670216771691424,1670216771691436,1670216771691450,1670216771691461,1670216771691472,1670216771691524,1670216771691547,1670216771694643,1670216771694688,1670216771694700,1670216771694710,1670216771694722,1670216771694732,1670216771694742,1670216771694763,1670216771694774,1670216771694784,1670216771694795,1670216771694804,1670216771694814,1670216771694860,1670216771694872,1670216771694882,1670216771694892,1670216771694903,1670216771694912,1670216771694926,1670216771694937,1670216771694955,1670216771694965,1670216771694975,1670216771694988,1670216771694997,1670216771695013,1670216771695023,1670216771695046,1670216771695057,1670216771695066,1670216771695076,1670216771695091,1670216771695101,1670216771695110,1670216771695120,1670216771695130,1670216771695139,1670216771695150,1670216771695164,1670216771695174,1670216771695183,1670216771695193,1670216771695211,1670216771695224,1670216771695234,1670216771695244,1670216771695255,1670216771695264,1670216771695274,1670216771695286,1670216771695316,1670216771695332,1670216771695343,1670216771695356,1670216771695365,1670216771695375,1670216771695384,1670216771695409,1670216771695421,1670216771695430,1670216771695442,1670216771695452,1670216771695466,1670216771695477,1670216771695487,1670216771698578,1670216771698623,1670216771698635,1670216771698645,1670216771698664,1670216771698674,1670216771698683,1670216771698721,1670216771698731,1670216771698746,1670216771698755,1670216771698765,1670216771698775,1670216771698785,1670216771698794,1670216771698805,1670216771698818,1670216771698828,1670216771698839,1670216771698849,1670216771698859,1670216771698869,1670216771698894,1670216771698906,1670216771698916,1670216771698926,1670216771698938,1670216771698949,1670216771698958,1670216771698972,1670216771698982,1670216771698993,1670216771699004,1670216771699014,1670216771699024,1670216771699034,1670216771699047,1670216771699066,1670216771699076,1670216771699109,1670216771699130,1670216771699148,1670216771699160,1670216771699170,1670216771699179,1670216771699189,1670216771699199,1670216771699209,1670216771699223,1670216771699233,1670216771699243,1670216771699253,1670216771699274,1670216771699290,1670216771699300,1670216771699310,1670216771699322,1670216771699331,1670216771699341,1670216771699351,1670216771699364,1670216771699375,1670216771699385,1670216771699395,1670216771702486,1670216771702536,1670216771702548,1670216771702594,1670216771702605,1670216771702623,1670216771702633,1670216771702643,1670216771702653,1670216771702667,1670216771702678,1670216771702688,1670216771702698,1670216771702708,1670216771702720,1670216771702733,1670216771702743,1670216771702752,1670216771702773,1670216771702785,1670216771702795,1670216771702809,1670216771702819,1670216771702830,1670216771702840,1670216771702850,1670216771702859,1670216771702869,1670216771702884,1670216771702896,1670216771702906,1670216771702916,1670216771702926,1670216771702950,1670216771702960,1670216771702970,1670216771702981,1670216771702990,1670216771703000,1670216771703010,1670216771703026,1670216771703036,1670216771703045,1670216771703057,1670216771703067,1670216771703077,1670216771703088,1670216771703101,1670216771703120,1670216771703130,1670216771703140,1670216771703149,1670216771703162,1670216771703174,1670216771703183,1670216771703193,1670216771703203,1670216771703213,1670216771703222,1670216771703236,1670216771703246,1670216771703258,1670216771703267,1670216771703286,1670216771703295,1670216771703308,1670216771706400,1670216771706446,1670216771706459,1670216771706469,1670216771706478,1670216771706489,1670216771706519,1670216771706529,1670216771706538,1670216771706548,1670216771706557,1670216771706567,1670216771706604,1670216771706625,1670216771706635,1670216771706645,1670216771706654,1670216771706667,1670216771706677,1670216771706688,1670216771706698,1670216771706708,1670216771706717,1670216771706729,1670216771706743,1670216771706752,1670216771706763,1670216771706784,1670216771706799,1670216771706813,1670216771706824,1670216771706835,1670216771706868,1670216771706878,1670216771706898,1670216771706910,1670216771706924,1670216771706935,1670216771706945,1670216771706958,1670216771706967,1670216771706976,1670216771706999,1670216771707009,1670216771707019,1670216771707030,1670216771707040,1670216771707049,1670216771707062,1670216771707072,1670216771707081,1670216771707091,1670216771707101,1670216771707116,1670216771707125,1670216771707141,1670216771707150,1670216771707169,1670216771707179,1670216771707189,1670216771707198,1670216771707211,1670216771707224,1670216771707236,1670216771707248,1670216771707258,1670216771710349,1670216771710439,1670216771710475,1670216771710486,1670216771710496,1670216771710506,1670216771710545,1670216771710567,1670216771710589,1670216771710598,1670216771710609,1670216771710619,1670216771710629,1670216771710639,1670216771710653,1670216771710663,1670216771710673,1670216771710683,1670216771710693,1670216771710703,1670216771710713,1670216771710738,1670216771710769,1670216771710779,1670216771710790,1670216771710799,1670216771710813,1670216771710823,1670216771710835,1670216771710845,1670216771710855,1670216771710864,1670216771710877,1670216771710900,1670216771710915,1670216771710925,1670216771710945,1670216771710955,1670216771710968,1670216771710980,1670216771710990,1670216771711000,1670216771711010,1670216771711020,1670216771711030,1670216771711042,1670216771711062,1670216771711072,1670216771711081,1670216771711091,1670216771711100,1670216771711123,1670216771711133,1670216771711144,1670216771711153,1670216771711163,1670216771711173,1670216771711183,1670216771711199,1670216771711224,1670216771711242,1670216771711252,1670216771711261,1670216771711271,1670216771711281,1670216771711296,1670216771711325,1670216771711337,1670216771711346,1670216771711356,1670216771711372,1670216771714464,1670216771714549,1670216771714576,1670216771714587,1670216771714597,1670216771714606,1670216771714625,1670216771714636,1670216771714645,1670216771714655,1670216771714693,1670216771714708,1670216771714717,1670216771714727,1670216771714738,1670216771714748,1670216771714758,1670216771714767,1670216771714780,1670216771714790,1670216771714800,1670216771714810,1670216771714819,1670216771714830,1670216771714840,1670216771714864,1670216771714876,1670216771714885,1670216771714897,1670216771714914,1670216771714928,1670216771714937,1670216771714947,1670216771714956,1670216771714968,1670216771714978,1670216771714988,1670216771715001,1670216771715011,1670216771715020,1670216771715039,1670216771715049,1670216771715059,1670216771715074,1670216771715085,1670216771715095,1670216771715104,1670216771715114,1670216771715125,1670216771715135,1670216771715148,1670216771715157,1670216771715167,1670216771715176,1670216771715186,1670216771715212,1670216771715222,1670216771715232,1670216771715241,1670216771715252,1670216771715262,1670216771715271,1670216771715286,1670216771715298,1670216771715307,1670216771715319,1670216771715329,1670216771715340,1670216771715350,1670216771718444,1670216771718513,1670216771718528,1670216771718538,1670216771718569,1670216771718595,1670216771718618,1670216771718628,1670216771718638,1670216771718649,1670216771718659,1670216771718669,1670216771718682,1670216771718692,1670216771718703,1670216771718712,1670216771718736,1670216771718746,1670216771718760,1670216771718772,1670216771718782,1670216771718792,1670216771718801,1670216771718811,1670216771718821,1670216771718834,1670216771718845,1670216771718857,1670216771718867,1670216771718877,1670216771718887,1670216771718910,1670216771718920,1670216771718932,1670216771718941,1670216771718951,1670216771718961,1670216771718974,1670216771718984,1670216771718994,1670216771719003,1670216771719015,1670216771719025,1670216771719035,1670216771719049,1670216771719059,1670216771719078,1670216771719089,1670216771719098,1670216771719113,1670216771719123,1670216771719133,1670216771719143,1670216771719154,1670216771719166,1670216771719176,1670216771719189,1670216771719199,1670216771719208,1670216771719220,1670216771719230,1670216771719264,1670216771719274,1670216771719292,1670216771722383,1670216771722449,1670216771722471,1670216771722482,1670216771722501,1670216771722513,1670216771722523,1670216771722533,1670216771722543,1670216771722552,1670216771722568,1670216771722582,1670216771722619,1670216771722630,1670216771722640,1670216771722651,1670216771722661,1670216771722678,1670216771722688,1670216771722698,1670216771722708,1670216771722717,1670216771722726,1670216771722739,1670216771722749,1670216771722759,1670216771722769,1670216771722788,1670216771722799,1670216771722811,1670216771722821,1670216771722831,1670216771722842,1670216771722852,1670216771722862,1670216771722874,1670216771722887,1670216771722899,1670216771722908,1670216771722918,1670216771722929,1670216771722939,1670216771722989,1670216771723000,1670216771723010,1670216771723024,1670216771723035,1670216771723044,1670216771723053,1670216771723066,1670216771723075,1670216771723085,1670216771723099,1670216771723111,1670216771723120,1670216771723132,1670216771723141,1670216771723165,1670216771723175,1670216771723185,1670216771723197,1670216771723207,1670216771723217,1670216771723227,1670216771723243,1670216771723252,1670216771723262,1670216771723272,1670216771723284,1670216771726373,1670216771726412,1670216771726434,1670216771726472,1670216771726483,1670216771726495,1670216771726504,1670216771726518,1670216771726527,1670216771726537,1670216771726552,1670216771726563,1670216771726572,1670216771726582,1670216771726597,1670216771726606,1670216771726616,1670216771726626,1670216771726649,1670216771726662,1670216771726672,1670216771726681,1670216771726691,1670216771726701,1670216771726712,1670216771726722,1670216771726755,1670216771726778,1670216771726787,1670216771726797,1670216771726807,1670216771726819,1670216771726828,1670216771726852,1670216771726863,1670216771726873,1670216771726883,1670216771726893,1670216771726903,1670216771726920,1670216771726930,1670216771726941,1670216771726951,1670216771726961,1670216771726971,1670216771726984,1670216771726994,1670216771727003,1670216771727022,1670216771727032,1670216771727041,1670216771727054,1670216771727064,1670216771727074,1670216771727083,1670216771727099,1670216771727111,1670216771727121,1670216771727134,1670216771727145,1670216771727155,1670216771727165,1670216771727174,1670216771727197,1670216771730287,1670216771730332,1670216771730344,1670216771730356,1670216771730366,1670216771730376,1670216771730397,1670216771730406,1670216771730415,1670216771730425,1670216771730434,1670216771730444,1670216771730454,1670216771730468,1670216771730505,1670216771730524,1670216771730536,1670216771730545,1670216771730561,1670216771730570,1670216771730580,1670216771730591,1670216771730603,1670216771730612,1670216771730622,1670216771730636,1670216771730647,1670216771730657,1670216771730666,1670216771730688,1670216771730698,1670216771730713,1670216771730747,1670216771730757,1670216771730783,1670216771730793,1670216771730802,1670216771730812,1670216771730825,1670216771730835,1670216771730845,1670216771730855,1670216771730865,1670216771730875,1670216771730897,1670216771730906,1670216771730916,1670216771730925,1670216771730937,1670216771730947,1670216771730961,1670216771730971,1670216771730981,1670216771730993,1670216771731003,1670216771731038,1670216771731050,1670216771731064,1670216771731075,1670216771731096,1670216771731108,1670216771731117,1670216771731130,1670216771731141,1670216771731150,1670216771731160,1670216771731170,1670216771731180,1670216771734271,1670216771734378,1670216771734405,1670216771734415,1670216771734425,1670216771734435,1670216771734478,1670216771734489,1670216771734499,1670216771734509,1670216771734518,1670216771734528,1670216771734539,1670216771734554,1670216771734564,1670216771734574,1670216771734584,1670216771734594,1670216771734604,1670216771734614,1670216771734631,1670216771734651,1670216771734660,1670216771734670,1670216771734681,1670216771734691,1670216771734704,1670216771734713,1670216771734725,1670216771734734,1670216771734743,1670216771734755,1670216771734770,1670216771734780,1670216771734790,1670216771734801,1670216771734818,1670216771734834,1670216771734848,1670216771734858,1670216771734867,1670216771734877,1670216771734887,1670216771734898,1670216771734908,1670216771734921,1670216771734931,1670216771734942,1670216771734952,1670216771734961,1670216771734970,1670216771734993,1670216771735003,1670216771735013,1670216771735023,1670216771735033,1670216771735042,1670216771735056,1670216771735066,1670216771735076,1670216771735085,1670216771735094,1670216771735105,1670216771735114,1670216771735127,1670216771735137,1670216771735153,1670216771735162,1670216771738254,1670216771738346,1670216771738382,1670216771738393,1670216771738402,1670216771738412,1670216771738422,1670216771738434,1670216771738448,1670216771738458,1670216771738492,1670216771738501,1670216771738510,1670216771738549,1670216771738563,1670216771738572,1670216771738581,1670216771738590,1670216771738598,1670216771738607,1670216771738616,1670216771738628,1670216771738637,1670216771738646,1670216771738655,1670216771738664,1670216771738673,1670216771738682,1670216771738708,1670216771738716,1670216771738724,1670216771738733,1670216771738742,1670216771738755,1670216771738764,1670216771738774,1670216771738783,1670216771738792,1670216771738801,1670216771738810,1670216771738822,1670216771738831,1670216771738840,1670216771738857,1670216771738890,1670216771738904,1670216771738913,1670216771738922,1670216771738942,1670216771738951,1670216771738962,1670216771738971,1670216771738982,1670216771738991,1670216771739000,1670216771739009,1670216771739018,1670216771739027,1670216771739048,1670216771739057,1670216771739066,1670216771739076,1670216771739103,1670216771739112,1670216771739125,1670216771739146,1670216771739155,1670216771739164,1670216771765480,1670216771765526,1670216771765536,1670216771765540,1670216771765544,1670216771765567,1670216771765571,1670216771765576,1670216771765579,1670216771765584,1670216771765653,1670216771765657,1670216771765661,1670216771765664,1670216771765671,1670216771765676,1670216771765679,1670216771765683,1670216771765687,1670216771765691,1670216771765699,1670216771765703,1670216771765708,1670216771765712,1670216771765715,1670216771765719,1670216771765722,1670216771765726,1670216771765729,1670216771765733,1670216771765737,1670216771765741,1670216771765745,1670216771765749,1670216771765753,1670216771765758,1670216771765775,1670216771765779,1670216771765783,1670216771765788,1670216771765803,1670216771765808,1670216771765813,1670216771765818,1670216771765822,1670216771765826,1670216771765829,1670216771765833,1670216771765836,1670216771765840,1670216771765847,1670216771765851,1670216771765856,1670216771765860,1670216771765864,1670216771765868,1670216771765872,1670216771765875,1670216771765879,1670216771765882,1670216771765886,1670216771765890,1670216771765894,1670216771765896,1670216771765899,1670216771765907,1670216771765911,1670216771765914,1670216771765918,1670216771765922,1670216771765926,1670216771765961,1670216771765966,1670216771765970,1670216771765974,1670216771765978,1670216771765982,1670216771765986,1670216771765990,1670216771765994,1670216771766001,1670216771766005,1670216771766009,1670216771766013,1670216771766022,1670216771766030,1670216771766035,1670216771766041,1670216771766046,1670216771766051,1670216771766055,1670216771766059,1670216771766064,1670216771766066,1670216771766070,1670216771766078,1670216771766082,1670216771766086,1670216771766090,1670216771766143,1670216771766147,1670216771766151,1670216771766155,1670216771766159,1670216771766163,1670216771766167,1670216771766171,1670216771766175,1670216771766179,1670216771766183,1670216771766190,1670216771766195,1670216771766199,1670216771766204,1670216771766210,1670216771766214,1670216771766218,1670216771766221,1670216771766225,1670216771766229,1670216771766233,1670216771766237,1670216771766241,1670216771766244,1670216771766248,1670216771766254,1670216771766258,1670216771766262,1670216771766268,1670216771766273,1670216771766276,1670216771766280,1670216771766283,1670216771766287,1670216771766291,1670216771766295,1670216771766299,1670216771766303,1670216771766307,1670216771766311,1670216771766318,1670216771766322,1670216771766325,1670216771766329,1670216771766333,1670216771766337,1670216771766341,1670216771766345,1670216771766348,1670216771766352,1670216771766355,1670216771766359,1670216771766362,1670216771766365,1670216771766369,1670216771766376,1670216771766381,1670216771766385,1670216771766388,1670216771766392,1670216771766396,1670216771766399,1670216771766403,1670216771766406,1670216771766410,1670216771766414,1670216771766418,1670216771766422,1670216771766425,1670216771766429,1670216771766436,1670216771766440,1670216771766443,1670216771766447,1670216771766451,1670216771766455,1670216771766458,1670216771766462,1670216771766466,1670216771766470,1670216771766473,1670216771766477,1670216771766481,1670216771766485,1670216771766488,1670216771766542,1670216771766547,1670216771766551,1670216771766555,1670216771766559,1670216771766563,1670216771766567,1670216771766571,1670216771766575,1670216771766578,1670216771766582,1670216771766586,1670216771766590,1670216771766594,1670216771766598,1670216771766622,1670216771766626,1670216771766629,1670216771766633,1670216771766638,1670216771766641,1670216771766645,1670216771766648,1670216771766652,1670216771766656,1670216771766661,1670216771766667,1670216771766671,1670216771766676,1670216771766680,1670216771766691,1670216771766697,1670216771766701,1670216771766705,1670216771766709,1670216771766713,1670216771766717,1670216771766721,1670216771766725,1670216771766728,1670216771766732,1670216771766736,1670216771766740,1670216771766743,1670216771766748,1670216771766765,1670216771766778,1670216771766785,1670216771766789,1670216771766794,1670216771766799,1670216771766803,1670216771766806,1670216771766810,1670216771766813,1670216771766817,1670216771766821,1670216771766826,1670216771766829,1670216771766832,1670216771766840,1670216771766844,1670216771766848,1670216771766851,1670216771766856,1670216771766859,1670216771766863,1670216771766867,1670216771766871,1670216771766874,1670216771766878,1670216771766882,1670216771766885,1670216771766890,1670216771766894,1670216771766900,1670216771766904,1670216771766908,1670216771766912,1670216771766916,1670216771766919,1670216771766923,1670216771766927,1670216771766930,1670216771766934,1670216771766938,1670216771766941,1670216771766945,1670216771766949,1670216771766953,1670216771766959,1670216771766963,1670216771766967,1670216771766970,1670216771766974,1670216771766978,1670216771766981,1670216771766984,1670216771766988,1670216771766991,1670216771766995,1670216771766999,1670216771767003,1670216771767006,1670216771767010,1670216771767017,1670216771767023,1670216771767027,1670216771767030,1670216771767033,1670216771767036,1670216771767040,1670216771767044,1670216771767048,1670216771767052,1670216771767056,1670216771767060,1670216771767063,1670216771767068,1670216771767071,1670216771767077,1670216771767080,1670216771767084,1670216771767088,1670216771767092,1670216771767095,1670216771767099,1670216771767102,1670216771767106,1670216771767109,1670216771767113,1670216771767117,1670216771767120,1670216771767124,1670216771767127,1670216771767133,1670216771767138,1670216771767142,1670216771767145,1670216771767149,1670216771767153,1670216771767156,1670216771767160,1670216771767164,1670216771767167,1670216771767171,1670216771767175,1670216771767179,1670216771767182,1670216771767186,1670216771767192,1670216771767196,1670216771767200,1670216771767204,1670216771767207,1670216771767211,1670216771767214,1670216771767218,1670216771767222,1670216771767226,1670216771767229,1670216771767232,1670216771767235,1670216771767239,1670216771767242,1670216771767248,1670216771767252,1670216771767255,1670216771767259,1670216771767263,1670216771767266,1670216771767271,1670216771767274,1670216771767277,1670216771767280,1670216771767284,1670216771767288,1670216771767291,1670216771767295,1670216771767299,1670216771767304,1670216771767308,1670216771767312,1670216771767316,1670216771767319,1670216771767323,1670216771767327,1670216771767330,1670216771767334,1670216771767338,1670216771767341,1670216771767345,1670216771767348,1670216771767352,1670216771767356,1670216771767362,1670216771767367,1670216771767371,1670216771767375,1670216771767379,1670216771767383,1670216771767387,1670216771767390,1670216771767394,1670216771767398,1670216771767401,1670216771767405,1670216771767409,1670216771767412,1670216771767416,1670216771767422,1670216771767425,1670216771767429,1670216771767435,1670216771767444,1670216771767447,1670216771767451,1670216771767455,1670216771767458,1670216771767462,1670216771767466,1670216771767469,1670216771767473,1670216771767477,1670216771767480,1670216771767487,1670216771767492,1670216771767496,1670216771767500,1670216771767505,1670216771767509,1670216771767513,1670216771767517,1670216771767522,1670216771767527,1670216771767530,1670216771767534,1670216771767538,1670216771767543,1670216771767547,1670216771767555,1670216771767559,1670216771767564,1670216771767568,1670216771767572,1670216771767576,1670216771767580,1670216771767585,1670216771767589,1670216771767594,1670216771767597,1670216771767601,1670216771767605,1670216771767608,1670216771767612,1670216771767627,1670216771767631,1670216771767650,1670216771767659,1670216771767663,1670216771767667,1670216771767670,1670216771767674,1670216771767678,1670216771767682,1670216771767685,1670216771767698,1670216771767702,1670216771767715,1670216771767720,1670216771767726,1670216771767730,1670216771767733,1670216771767737,1670216771767741,1670216771767745,1670216771767749,1670216771767753,1670216771767756,1670216771767760,1670216771767764,1670216771767768,1670216771767771,1670216771767776,1670216771767779,1670216771767786,1670216771767790,1670216771767794,1670216771767798,1670216771767802,1670216771767806,1670216771767810,1670216771767814,1670216771767818,1670216771767822,1670216771767825,1670216771767829,1670216771767834,1670216771767838,1670216771767841,1670216771767847,1670216771767850,1670216771767854,1670216771767857,1670216771767861,1670216771767864,1670216771767868,1670216771767872,1670216771770992,1670216771771040,1670216771771056,1670216771771061,1670216771771064,1670216771771067,1670216771771071,1670216771771088,1670216771771092,1670216771771096,1670216771771099,1670216771771102,1670216771771105,1670216771771108,1670216771771112,1670216771771115,1670216771771118,1670216771771121,1670216771771124,1670216771771128,1670216771771131,1670216771771134,1670216771771144,1670216771771148,1670216771771151,1670216771771155,1670216771771158,1670216771771162,1670216771771165,1670216771771168,1670216771771172,1670216771771175,1670216771771178,1670216771771181,1670216771771185,1670216771771188,1670216771771191,1670216771771197,1670216771771200,1670216771771205,1670216771771208,1670216771771211,1670216771771215,1670216771771218,1670216771771221,1670216771771225,1670216771771228,1670216771771231,1670216771771235,1670216771771238,1670216771771241,1670216771771244,1670216771771250,1670216771771254,1670216771771257,1670216771771261,1670216771771265,1670216771771268,1670216771771272,1670216771771275,1670216771771279,1670216771771283,1670216771771286,1670216771771290,1670216771771294,1670216771771298,1670216771771302,1670216771771307,1670216771774375,1670216771774395,1670216771774400,1670216771774403,1670216771774407,1670216771774410,1670216771774414,1670216771774417,1670216771774421,1670216771774424,1670216771774427,1670216771774430,1670216771774433,1670216771774436,1670216771774448,1670216771774452,1670216771774455,1670216771774459,1670216771774464,1670216771774468,1670216771774472,1670216771774476,1670216771774483,1670216771774488,1670216771774492,1670216771774497,1670216771774500,1670216771774504,1670216771774508,1670216771774514,1670216771774517,1670216771774521,1670216771774524,1670216771774528,1670216771774531,1670216771774534,1670216771774538,1670216771774541,1670216771774544,1670216771774547,1670216771774551,1670216771774554,1670216771774558,1670216771774561,1670216771774567,1670216771774571,1670216771774575,1670216771774578,1670216771774582,1670216771774586,1670216771774590,1670216771777658,1670216771777675,1670216771777681,1670216771777685,1670216771777688,1670216771777692,1670216771777695,1670216771777699,1670216771777711,1670216771777715,1670216771777720,1670216771777724,1670216771777728,1670216771777732,1670216771777735,1670216771777739,1670216771777743,1670216771777747,1670216771777752,1670216771777756,1670216771777760,1670216771777764,1670216771777768,1670216771777775,1670216771777779,1670216771777783,1670216771777787,1670216771777791,1670216771777794,1670216771777798,1670216771777802,1670216771777807,1670216771777810,1670216771777815,1670216771777819,1670216771777823,1670216771777827,1670216771777832,1670216771777838,1670216771777842,1670216771777847,1670216771777850,1670216771777854,1670216771777858,1670216771777862,1670216771777866,1670216771777869,1670216771777873,1670216771777876,1670216771777881,1670216771777885,1670216771781002,1670216771781019,1670216771781033,1670216771781038,1670216771781042,1670216771781045,1670216771781049,1670216771781052,1670216771781056,1670216771781060,1670216771781064,1670216771781067,1670216771781071,1670216771781075,1670216771781078,1670216771781082,1670216771781085,1670216771781091,1670216771781094,1670216771781098,1670216771781102,1670216771781105,1670216771781109,1670216771781112,1670216771781116,1670216771781120,1670216771781123,1670216771781126,1670216771781129,1670216771781132,1670216771781136,1670216771781139,1670216771781145,1670216771781149,1670216771781156,1670216771781160,1670216771781164,1670216771781168,1670216771781171,1670216771781175,1670216771781179,1670216771781183,1670216771781186,1670216771781192,1670216771781196,1670216771781200,1670216771781204,1670216771781210,1670216771781214,1670216771781218,1670216771781222,1670216771781225,1670216771781229,1670216771781232,1670216771781236,1670216771781240,1670216771781243,1670216771781247,1670216771781251,1670216771781254,1670216771781257,1670216771781261,1670216771781271,1670216771781275,1670216771781279,1670216771781289,1670216771781293,1670216771781296,1670216771784418,1670216771784437,1670216771784442,1670216771784446,1670216771784450,1670216771784458,1670216771784462,1670216771784465,1670216771784468,1670216771784480,1670216771784486,1670216771784490,1670216771784495,1670216771784498,1670216771784502,1670216771784505,1670216771784509,1670216771784513,1670216771784518,1670216771784522,1670216771784525,1670216771784529,1670216771784532,1670216771784535,1670216771784543,1670216771784547,1670216771784551,1670216771784555,1670216771784560,1670216771784564,1670216771784568,1670216771784574,1670216771784577,1670216771784581,1670216771784584,1670216771784588,1670216771784591,1670216771784595,1670216771784600,1670216771784608,1670216771784612,1670216771784616,1670216771784620,1670216771784625,1670216771784630,1670216771784634,1670216771784637,1670216771784641,1670216771784644,1670216771784647,1670216771784651,1670216771787762,1670216771787831,1670216771787841,1670216771787856,1670216771787860,1670216771787865,1670216771787875,1670216771787879,1670216771787884,1670216771787888,1670216771787893,1670216771787898,1670216771787903,1670216771787912,1670216771787917,1670216771787921,1670216771787926,1670216771787930,1670216771787940,1670216771787946,1670216771787951,1670216771787956,1670216771787961,1670216771787966,1670216771787971,1670216771787975,1670216771787981,1670216771787986,1670216771787990,1670216771787998,1670216771788003,1670216771788008,1670216771788012,1670216771788022,1670216771788027,1670216771788031,1670216771788036,1670216771788040,1670216771788045,1670216771788061,1670216771788066,1670216771788071,1670216771788076,1670216771788080,1670216771788085,1670216771788090,1670216771788096,1670216771788101,1670216771788108,1670216771788113,1670216771788118,1670216771788122,1670216771788128,1670216771788133,1670216771791247,1670216771791267,1670216771791273,1670216771791278,1670216771791283,1670216771791294,1670216771791300,1670216771791304,1670216771791309,1670216771791323,1670216771791328,1670216771791335,1670216771791340,1670216771791345,1670216771791350,1670216771791355,1670216771791359,1670216771791364,1670216771791392,1670216771791397,1670216771791402,1670216771791407,1670216771791412,1670216771791416,1670216771791427,1670216771791431,1670216771791436,1670216771791440,1670216771791445,1670216771791449,1670216771791454,1670216771791461,1670216771791474,1670216771791478,1670216771791483,1670216771791488,1670216771791492,1670216771791497,1670216771791501,1670216771791524,1670216771791528,1670216771791540,1670216771792301,1670216771792309,1670216771792316,1670216771792320,1670216771792324,1670216771792328,1670216771792332,1670216771792336,1670216771792340,1670216771792344,1670216771792351,1670216771792355,1670216771792362,1670216771792367,1670216771792371,1670216771792378,1670216771792383,1670216771792387,1670216771792391,1670216771792396,1670216771792400,1670216771792403,1670216771792408,1670216771792414,1670216771792418,1670216771792422,1670216771792426,1670216771792432,1670216771792439,1670216771795558,1670216771795595,1670216771795607,1670216771795612,1670216771795617,1670216771795622,1670216771795626,1670216771795638,1670216771795643,1670216771795647,1670216771795652,1670216771795657,1670216771795662,1670216771795683,1670216771795688,1670216771795693,1670216771795698,1670216771795703,1670216771795712,1670216771795717,1670216771795725,1670216771795730,1670216771795734,1670216771795739,1670216771795744,1670216771795749,1670216771795754,1670216771795761,1670216771795771,1670216771795776,1670216771795781,1670216771795786,1670216771795791,1670216771795798,1670216771795803,1670216771795808,1670216771795813,1670216771795818,1670216771795823,1670216771795828,1670216771795835,1670216771795840,1670216771795845,1670216771795853,1670216771795858,1670216771795863,1670216771795870,1670216771795875,1670216771795879,1670216771795884,1670216771795889,1670216771795894,1670216771795899,1670216771795906,1670216771795911,1670216771795916,1670216771795921,1670216771795926,1670216771795946,1670216771795969,1670216771795973,1670216771795976,1670216771799096,1670216771799120,1670216771799127,1670216771799132,1670216771799144,1670216771799149,1670216771799154,1670216771799159,1670216771799164,1670216771799168,1670216771799174,1670216771799197,1670216771799202,1670216771799207,1670216771799212,1670216771799217,1670216771799222,1670216771799229,1670216771799234,1670216771799239,1670216771799244,1670216771799249,1670216771799254,1670216771799259,1670216771799269,1670216771799274,1670216771799300,1670216771799306,1670216771799310,1670216771799315,1670216771799323,1670216771799328,1670216771799347,1670216771799352,1670216771799360,1670216771799364,1670216771799369,1670216771799377,1670216771799382,1670216771799387,1670216771799391,1670216771799401,1670216771799406,1670216771799413,1670216771799418,1670216771799423,1670216771799428,1670216771799433,1670216771799437,1670216771799442,1670216771799450,1670216771799455,1670216771799460,1670216771799465,1670216771799470,1670216771799475,1670216771799485,1670216771799490,1670216771799495,1670216771799500,1670216771799505,1670216771799509,1670216771799514,1670216771799521,1670216771799526,1670216771799531,1670216771799536,1670216771799541,1670216771802618,1670216771802681,1670216771802723,1670216771802749,1670216771802754,1670216771802759,1670216771802764,1670216771802769,1670216771802776,1670216771802781,1670216771802786,1670216771802790,1670216771802795,1670216771802800,1670216771802805,1670216771802812,1670216771802817,1670216771802823,1670216771802831,1670216771802836,1670216771802842,1670216771802849,1670216771802854,1670216771802859,1670216771802864,1670216771802869,1670216771802874,1670216771802879,1670216771803523,1670216771803551,1670216771803555,1670216771803561,1670216771803566,1670216771803575,1670216771803583,1670216771803588,1670216771803593,1670216771803597,1670216771803602,1670216771803607,1670216771803611,1670216771803616,1670216771803623,1670216771803628,1670216771803633,1670216771803638,1670216771803643,1670216771803647,1670216771803657,1670216771803662,1670216771803667,1670216771803672,1670216771803677,1670216771803682,1670216771803686,1670216771803696,1670216771806823,1670216771806874,1670216771807003,1670216771807012,1670216771807018,1670216771807033,1670216771807039,1670216771807059,1670216771807066,1670216771807072,1670216771807078,1670216771807087,1670216771807095,1670216771807101,1670216771807107,1670216771807113,1670216771807119,1670216771807125,1670216771807134,1670216771807140,1670216771807146,1670216771807151,1670216771807170,1670216771807176,1670216771807185,1670216771807191,1670216771807197,1670216771807204,1670216771807210,1670216771807216,1670216771807222,1670216771807231,1670216771807237,1670216771807243,1670216771807249,1670216771807255,1670216771807260,1670216771807273,1670216771807280,1670216771807285,1670216771807291,1670216771807297,1670216771807303,1670216771807309,1670216771807318,1670216771807324,1670216771807331,1670216771807337,1670216771807344,1670216771807350,1670216771807356,1670216771807362,1670216771807375,1670216771807381,1670216771807387,1670216771807394,1670216771807400,1670216771807409,1670216771807415,1670216771807421,1670216771807440,1670216771807446,1670216771807452,1670216771807458,1670216771807464,1670216771807473,1670216771807480,1670216771807490,1670216771807496,1670216771807502,1670216771807512,1670216771807518,1670216771807524,1670216771807530,1670216771807537,1670216771807543,1670216771807549,1670216771807555,1670216771807564,1670216771807570,1670216771810657,1670216771810725,1670216771810768,1670216771810789,1670216771810796,1670216771810802,1670216771810808,1670216771810814,1670216771810820,1670216771810827,1670216771810833,1670216771810842,1670216771810848,1670216771810855,1670216771810861,1670216771810867,1670216771810873,1670216771810892,1670216771810899,1670216771810906,1670216771810912,1670216771810918,1670216771810924,1670216771810930,1670216771810939,1670216771810945,1670216771810951,1670216771810957,1670216771810963,1670216771810969,1670216771810976,1670216771810985,1670216771810994,1670216771811001,1670216771811007,1670216771811014,1670216771811020,1670216771811029,1670216771811035,1670216771811041,1670216771811048,1670216771811054,1670216771811060,1670216771811067,1670216771811075,1670216771811081,1670216771811088,1670216771811098,1670216771811104,1670216771811110,1670216771811120,1670216771814206,1670216771814268,1670216771814287,1670216771814293,1670216771814299,1670216771814305,1670216771814319,1670216771814326,1670216771814332,1670216771814338,1670216771814344,1670216771814366,1670216771814376,1670216771814383,1670216771814389,1670216771814396,1670216771814402,1670216771814408,1670216771814414,1670216771814423,1670216771814429,1670216771814435,1670216771814442,1670216771814448,1670216771814454,1670216771814460,1670216771814475,1670216771814482,1670216771814488,1670216771814494,1670216771814500,1670216771814506,1670216771814515,1670216771814522,1670216771814528,1670216771814534,1670216771814540,1670216771814547,1670216771814553,1670216771814562,1670216771814568,1670216771814578,1670216771814584,1670216771814591,1670216771814597,1670216771814606,1670216771814612,1670216771814618,1670216771814624,1670216771814630,1670216771814637,1670216771814643,1670216771814652,1670216771814658,1670216771814664,1670216771814670,1670216771814681,1670216771814687,1670216771814697,1670216771814703,1670216771814709,1670216771814715,1670216771814721,1670216771814727,1670216771814733,1670216771814745,1670216771814759,1670216771814765,1670216771817854,1670216771817893,1670216771817903,1670216771817936,1670216771817944,1670216771817951,1670216771817958,1670216771817964,1670216771817971,1670216771817977,1670216771817988,1670216771817994,1670216771818001,1670216771818008,1670216771818014,1670216771818021,1670216771818027,1670216771818033,1670216771818049,1670216771818056,1670216771818062,1670216771818069,1670216771818075,1670216771818085,1670216771818092,1670216771818099,1670216771818105,1670216771818112,1670216771818119,1670216771818125,1670216771818131,1670216771818141,1670216771818148,1670216771818160,1670216771818167,1670216771818174,1670216771818184,1670216771818191,1670216771818198,1670216771818204,1670216771818211,1670216771818218,1670216771818224,1670216771818231,1670216771818241,1670216771818248,1670216771818254,1670216771818261,1670216771818273,1670216771818282,1670216771818289,1670216771818295,1670216771818302,1670216771818309,1670216771818315,1670216771818322,1670216771818329,1670216771818338,1670216771818345,1670216771818351,1670216771818358,1670216771818364,1670216771818371,1670216771818384,1670216771818391,1670216771818398,1670216771818404,1670216771818411,1670216771821500,1670216771821561,1670216771821589,1670216771821596,1670216771821602,1670216771821610,1670216771821617,1670216771821623,1670216771821629,1670216771821639,1670216771821662,1670216771821670,1670216771821676,1670216771821683,1670216771821689,1670216771821699,1670216771821705,1670216771821712,1670216771821718,1670216771821724,1670216771821731,1670216771821737,1670216771821751,1670216771821757,1670216771821764,1670216771821775,1670216771821782,1670216771821789,1670216771821802,1670216771821809,1670216771821816,1670216771821822,1670216771821829,1670216771821835,1670216771821842,1670216771821852,1670216771821859,1670216771821865,1670216771821872,1670216771821878,1670216771821890,1670216771821901,1670216771821907,1670216771821914,1670216771821940,1670216771821947,1670216771821954,1670216771821960,1670216771821970,1670216771821976,1670216771821983,1670216771825118,1670216771825175,1670216771825196,1670216771825203,1670216771825241,1670216771825248,1670216771825254,1670216771825260,1670216771825266,1670216771825273,1670216771825283,1670216771825290,1670216771825297,1670216771825314,1670216771825320,1670216771825326,1670216771825333,1670216771825343,1670216771825349,1670216771825362,1670216771825368,1670216771825375,1670216771825381,1670216771825391,1670216771825398,1670216771825404,1670216771825411,1670216771825417,1670216771825424,1670216771825430,1670216771825439,1670216771825446,1670216771825452,1670216771825459,1670216771825470,1670216771825477,1670216771825486,1670216771825493,1670216771825500,1670216771825506,1670216771825513,1670216771825519,1670216771825526,1670216771825535,1670216771825542,1670216771825548,1670216771825554,1670216771825561,1670216771825567,1670216771825581,1670216771825588,1670216771825595,1670216771825601,1670216771825608,1670216771825614,1670216771825621,1670216771825631,1670216771825637,1670216771825644,1670216771825650,1670216771825657,1670216771825663,1670216771825670,1670216771825676,1670216771825690,1670216771825697,1670216771825704,1670216771825710,1670216771828846,1670216771828878,1670216771828887,1670216771828894,1670216771828900,1670216771828907,1670216771828930,1670216771828938,1670216771828944,1670216771828952,1670216771828959,1670216771828982,1670216771828989,1670216771828996,1670216771829003,1670216771829009,1670216771829016,1670216771829023,1670216771829029,1670216771829036,1670216771829043,1670216771829049,1670216771829055,1670216771829062,1670216771829069,1670216771829075,1670216771829086,1670216771829092,1670216771829099,1670216771829105,1670216771829112,1670216771829118,1670216771829124,1670216771829130,1670216771829137,1670216771829144,1670216771829150,1670216771829156,1670216771829203,1670216771829312,1670216771829319,1670216771829331,1670216771829336,1670216771829341,1670216771829347,1670216771829352,1670216771829358,1670216771829363,1670216771829368,1670216771829373,1670216771829383,1670216771829389,1670216771829394,1670216771829399,1670216771829404,1670216771829409,1670216771829419,1670216771829424,1670216771829429,1670216771829434,1670216771829439,1670216771829444,1670216771829449,1670216771829455,1670216771829460,1670216771829465,1670216771829470,1670216771829475,1670216771832605,1670216771832632,1670216771832639,1670216771832662,1670216771832668,1670216771832673,1670216771832678,1670216771832683,1670216771832689,1670216771832694,1670216771832700,1670216771832705,1670216771832710,1670216771832715,1670216771832720,1670216771832725,1670216771832730,1670216771832735,1670216771832746,1670216771832752,1670216771832757,1670216771832763,1670216771832768,1670216771832774,1670216771832779,1670216771832784,1670216771832789,1670216771832795,1670216771832801,1670216771832806,1670216771832811,1670216771832816,1670216771832821,1670216771832830,1670216771832835,1670216771832840,1670216771832845,1670216771832850,1670216771832855,1670216771832860,1670216771832865,1670216771832871,1670216771832876,1670216771832881,1670216771832886,1670216771832892,1670216771832897,1670216771832901,1670216771832910,1670216771832915,1670216771832920,1670216771836050,1670216771836103,1670216771836121,1670216771836127,1670216771836131,1670216771836137,1670216771836142,1670216771836147,1670216771836152,1670216771836157,1670216771836162,1670216771836167,1670216771836187,1670216771836192,1670216771836198,1670216771836203,1670216771836209,1670216771836214,1670216771836219,1670216771836224,1670216771836229,1670216771836234,1670216771836238,1670216771836243,1670216771836248,1670216771836253,1670216771836258,1670216771836268,1670216771836273,1670216771836278,1670216771836283,1670216771836288,1670216771836293,1670216771836298,1670216771836303,1670216771836308,1670216771836313,1670216771836318,1670216771836323,1670216771836327,1670216771836332,1670216771836338,1670216771836347,1670216771836352,1670216771836357,1670216771836362,1670216771836367,1670216771836372,1670216771836377,1670216771836382,1670216771836387,1670216771836392,1670216771836397,1670216771836402,1670216771836407,1670216771836412,1670216771836416,1670216771836426,1670216771836430,1670216771836435,1670216771836440,1670216771836446,1670216771836450,1670216771836455,1670216771836460,1670216771836465,1670216771836470,1670216771836475,1670216771839612,1670216771839642,1670216771839650,1670216771839655,1670216771839679,1670216771839684,1670216771839690,1670216771839695,1670216771839701,1670216771839706,1670216771839712,1670216771839717,1670216771839722,1670216771839727,1670216771839732,1670216771839737,1670216771839742,1670216771839748,1670216771839753,1670216771839762,1670216771839767,1670216771839772,1670216771839777,1670216771839782,1670216771839787,1670216771839792,1670216771839797,1670216771839802,1670216771839807,1670216771839812,1670216771839817,1670216771839821,1670216771839827,1670216771839832,1670216771839841,1670216771839846,1670216771839851,1670216771839856,1670216771839861,1670216771839866,1670216771839871,1670216771839876,1670216771839881,1670216771839886,1670216771839892,1670216771839897,1670216771839902,1670216771839907,1670216771839912,1670216771839920,1670216771839925,1670216771843063,1670216771843088,1670216771843094,1670216771843099,1670216771843104,1670216771843109,1670216771843115,1670216771843119,1670216771843125,1670216771843130,1670216771843135,1670216771843140,1670216771843145,1670216771843165,1670216771843171,1670216771843176,1670216771843180,1670216771843185,1670216771843190,1670216771843195,1670216771843200,1670216771843205,1670216771843211,1670216771843215,1670216771843220,1670216771843225,1670216771843230,1670216771843235,1670216771843245,1670216771843250,1670216771843255,1670216771843259,1670216771843265,1670216771843270,1670216771843275,1670216771843281,1670216771843285,1670216771843290,1670216771843295,1670216771843306,1670216771843311,1670216771843316,1670216771843321,1670216771843330,1670216771843335,1670216771843340,1670216771843345,1670216771843350,1670216771843354,1670216771843359,1670216771843364,1670216771843369,1670216771843374,1670216771843379,1670216771843383,1670216771843388,1670216771843393,1670216771843398,1670216771843407,1670216771843413,1670216771843418,1670216771843423,1670216771843427,1670216771843432,1670216771843437,1670216771843442,1670216771843446,1670216771843451,1670216771846538,1670216771846568,1670216771846574,1670216771846579,1670216771846584,1670216771846607,1670216771846612,1670216771846617,1670216771846622,1670216771846627,1670216771846632,1670216771846637,1670216771846642,1670216771846647,1670216771846652,1670216771846657,1670216771846662,1670216771846667,1670216771846672,1670216771846677,1670216771846686,1670216771846691,1670216771846696,1670216771846701,1670216771846706,1670216771846711,1670216771846716,1670216771846721,1670216771846726,1670216771846731,1670216771846736,1670216771846741,1670216771846746,1670216771846751,1670216771846756,1670216771846766,1670216771846771,1670216771846776,1670216771846781,1670216771846786,1670216771846791,1670216771846796,1670216771846801,1670216771846806,1670216771846810,1670216771846815,1670216771846820,1670216771846825,1670216771846830,1670216771846835,1670216771846844,1670216771849930,1670216771849961,1670216771849967,1670216771849972,1670216771849978,1670216771849983,1670216771849988,1670216771849993,1670216771849998,1670216771850004,1670216771850009,1670216771850014,1670216771850019,1670216771850024,1670216771850046,1670216771850051,1670216771850056,1670216771850061,1670216771850066,1670216771850071,1670216771850076,1670216771850080,1670216771850085,1670216771850090,1670216771850095,1670216771850100,1670216771850106,1670216771850111,1670216771850115,1670216771850125,1670216771850130,1670216771850135,1670216771850141,1670216771850145,1670216771850150,1670216771850155,1670216771850160,1670216771850165,1670216771850170,1670216771850175,1670216771850180,1670216771850185,1670216771850190,1670216771850195,1670216771850204,1670216771850209,1670216771850214,1670216771850219,1670216771850224,1670216771850229,1670216771850234,1670216771850240,1670216771850245,1670216771850250,1670216771850255,1670216771850260,1670216771850265,1670216771850270,1670216771850275,1670216771850284,1670216771850289,1670216771850294,1670216771850299,1670216771850304,1670216771850309,1670216771850314,1670216771850319,1670216771850324,1670216771853378,1670216771853409,1670216771853416,1670216771853442,1670216771853447,1670216771853453,1670216771853474,1670216771853479,1670216771853485,1670216771853490,1670216771853495,1670216771853500,1670216771853504,1670216771853509,1670216771853514,1670216771853519,1670216771853524,1670216771853529,1670216771853534,1670216771853539,1670216771853544,1670216771853554,1670216771853558,1670216771853564,1670216771853569,1670216771853574,1670216771853579,1670216771853584,1670216771853589,1670216771853594,1670216771853599,1670216771853604,1670216771853609,1670216771853614,1670216771853619,1670216771853624,1670216771853633,1670216771853639,1670216771853643,1670216771853648,1670216771853653,1670216771853658,1670216771853663,1670216771853668,1670216771853673,1670216771853678,1670216771853683,1670216771853688,1670216771853693,1670216771853698,1670216771853703,1670216771856844,1670216771856972,1670216771856990,1670216771856995,1670216771857000,1670216771857005,1670216771857010,1670216771857015,1670216771857019,1670216771857024,1670216771857029,1670216771857035,1670216771857040,1670216771857045,1670216771857049,1670216771857085,1670216771857090,1670216771857095,1670216771857119,1670216771857123,1670216771857128,1670216771857132,1670216771857137,1670216771857142,1670216771857147,1670216771857151,1670216771857156,1670216771857160,1670216771857165,1670216771857169,1670216771857190,1670216771857194,1670216771857199,1670216771857204,1670216771857208,1670216771857213,1670216771857217,1670216771857221,1670216771857226,1670216771857231,1670216771857235,1670216771857240,1670216771857244,1670216771857249,1670216771857253,1670216771857262,1670216771857267,1670216771857271,1670216771857276,1670216771857281,1670216771857285,1670216771857290,1670216771857295,1670216771857313,1670216771857318,1670216771857322,1670216771857327,1670216771857332,1670216771857336,1670216771857341,1670216771857350,1670216771857355,1670216771857359,1670216771857364,1670216771857369,1670216771857374,1670216771857378,1670216771857383,1670216771860517,1670216771860545,1670216771860551,1670216771860556,1670216771860561,1670216771860566,1670216771860571,1670216771860590,1670216771860595,1670216771860600,1670216771860605,1670216771860610,1670216771860614,1670216771860619,1670216771860624,1670216771860629,1670216771860633,1670216771860638,1670216771860643,1670216771860647,1670216771860652,1670216771860657,1670216771860668,1670216771860672,1670216771860677,1670216771860682,1670216771860687,1670216771860691,1670216771860696,1670216771860701,1670216771860706,1670216771860711,1670216771860716,1670216771860720,1670216771860725,1670216771860730,1670216771860734,1670216771860743,1670216771860748,1670216771860753,1670216771860764,1670216771860768,1670216771860773,1670216771860777,1670216771860782,1670216771860788,1670216771860793,1670216771860797,1670216771860802,1670216771860806,1670216771860811,1670216771863941,1670216771863983,1670216771863991,1670216771863995,1670216771864000,1670216771864005,1670216771864010,1670216771864014,1670216771864019,1670216771864024,1670216771864029,1670216771864033,1670216771864038,1670216771864043,1670216771864048,1670216771864052,1670216771864063,1670216771864067,1670216771864072,1670216771864076,1670216771864081,1670216771864086,1670216771864091,1670216771864096,1670216771864101,1670216771864106,1670216771864110,1670216771864115,1670216771864120,1670216771864124,1670216771864129,1670216771864137,1670216771864142,1670216771864147,1670216771864152,1670216771864156,1670216771864161,1670216771864165,1670216771864170,1670216771864175,1670216771864180,1670216771864184,1670216771864189,1670216771864194,1670216771864198,1670216771864206,1670216771864214,1670216771864219,1670216771864224,1670216771864228,1670216771864233,1670216771864238,1670216771864242,1670216771864247,1670216771864252,1670216771864257,1670216771864261,1670216771864266,1670216771864271,1670216771864275,1670216771864280,1670216771864288,1670216771864293,1670216771864298,1670216771864303,1670216771864307,1670216771864312,1670216771864317,1670216771867448,1670216771867474,1670216771867481,1670216771867486,1670216771867491,1670216771867496,1670216771867500,1670216771867505,1670216771867523,1670216771867528,1670216771867533,1670216771867538,1670216771867543,1670216771867584,1670216771867589,1670216771867594,1670216771867598,1670216771867602,1670216771867607,1670216771867612,1670216771867617,1670216771867621,1670216771867626,1670216771867637,1670216771867641,1670216771867646,1670216771867650,1670216771867655,1670216771867660,1670216771867665,1670216771867670,1670216771867675,1670216771867679,1670216771867684,1670216771867689,1670216771867697,1670216771867701,1670216771867706,1670216771867715,1670216771867720,1670216771867724,1670216771867729,1670216771867734,1670216771867741,1670216771867744,1670216771867748,1670216771867753,1670216771867757,1670216771867762,1670216771867767,1670216771867772,1670216771870902,1670216771870967,1670216771871007,1670216771871012,1670216771871017,1670216771871022,1670216771871026,1670216771871031,1670216771871036,1670216771871041,1670216771871045,1670216771871050,1670216771871055,1670216771871059,1670216771871064,1670216771871069,1670216771871073,1670216771871083,1670216771871087,1670216771871099,1670216771871103,1670216771871108,1670216771871112,1670216771871117,1670216771871122,1670216771871127,1670216771871132,1670216771871136,1670216771871141,1670216771871146,1670216771871150,1670216771871155,1670216771871164,1670216771871168,1670216771871173,1670216771871178,1670216771871182,1670216771871187,1670216771871191,1670216771871196,1670216771871201,1670216771871205,1670216771871210,1670216771871214,1670216771871219,1670216771871224,1670216771871228,1670216771871236,1670216771871241,1670216771871246,1670216771871250,1670216771871255,1670216771871260,1670216771871264,1670216771871269,1670216771871274,1670216771871278,1670216771871283,1670216771871288,1670216771871292,1670216771871297,1670216771871301,1670216771871310,1670216771871315,1670216771871319,1670216771871324,1670216771871329,1670216771871333,1670216771874419,1670216771874536,1670216771874553,1670216771874557,1670216771874563,1670216771874568,1670216771874572,1670216771874577,1670216771874582,1670216771874627,1670216771874631,1670216771874636,1670216771874641,1670216771874645,1670216771874649,1670216771874654,1670216771874658,1670216771874663,1670216771874667,1670216771874672,1670216771874676,1670216771874681,1670216771874685,1670216771874690,1670216771874709,1670216771874713,1670216771874718,1670216771874722,1670216771874727,1670216771874731,1670216771874736,1670216771874740,1670216771874745,1670216771874750,1670216771874755,1670216771874759,1670216771874764,1670216771874768,1670216771874773,1670216771874782,1670216771874787,1670216771874791,1670216771874796,1670216771874800,1670216771874805,1670216771874809,1670216771874814,1670216771874818,1670216771874823,1670216771874828,1670216771874832,1670216771877918,1670216771877939,1670216771877945,1670216771877965,1670216771877969,1670216771877974,1670216771877979,1670216771877983,1670216771877988,1670216771877992,1670216771877997,1670216771878001,1670216771878006,1670216771878010,1670216771878015,1670216771878020,1670216771878024,1670216771878029,1670216771878037,1670216771878042,1670216771878047,1670216771878051,1670216771878055,1670216771878060,1670216771878065,1670216771878070,1670216771878074,1670216771878078,1670216771878083,1670216771878087,1670216771878092,1670216771878096,1670216771878100,1670216771878141,1670216771878147,1670216771878151,1670216771878156,1670216771878160,1670216771878165,1670216771878169,1670216771878173,1670216771878177,1670216771878182,1670216771878187,1670216771878191,1670216771878196,1670216771878201,1670216771878205,1670216771878214,1670216771878218,1670216771878223,1670216771878227,1670216771878232,1670216771878236,1670216771878241,1670216771878245,1670216771878250,1670216771878254,1670216771878259,1670216771878263,1670216771878268,1670216771878273,1670216771878277,1670216771878291,1670216771878296,1670216771878300,1670216771878305,1670216771878309,1670216771881379,1670216771881406,1670216771881412,1670216771881417,1670216771881421,1670216771881426,1670216771881431,1670216771881435,1670216771881440,1670216771881445,1670216771881464,1670216771881469,1670216771881474,1670216771881478,1670216771881483,1670216771881488,1670216771881492,1670216771881497,1670216771881501,1670216771881506,1670216771881511,1670216771881516,1670216771881521,1670216771881525,1670216771881530,1670216771881538,1670216771881543,1670216771881547,1670216771881552,1670216771881556,1670216771881561,1670216771881565,1670216771881570,1670216771881575,1670216771881579,1670216771881584,1670216771881589,1670216771881593,1670216771881598,1670216771881602,1670216771881610,1670216771881615,1670216771881619,1670216771881624,1670216771881628,1670216771881633,1670216771881637,1670216771881642,1670216771881646,1670216771881651,1670216771881655,1670216771884790,1670216771884812,1670216771884818,1670216771884823,1670216771884848,1670216771884853,1670216771884857,1670216771884861,1670216771884866,1670216771884870,1670216771884875,1670216771884879,1670216771884884,1670216771884888,1670216771884893,1670216771884898,1670216771884902,1670216771884907,1670216771884912,1670216771884921,1670216771884926,1670216771884930,1670216771884935,1670216771884940,1670216771884944,1670216771884949,1670216771884953,1670216771884957,1670216771884962,1670216771884967,1670216771884971,1670216771884976,1670216771884980,1670216771884985,1670216771884994,1670216771884998,1670216771885002,1670216771885007,1670216771885012,1670216771885016,1670216771885021,1670216771885025,1670216771885030,1670216771885035,1670216771885039,1670216771885044,1670216771885048,1670216771885060,1670216771885064,1670216771885072,1670216771885077,1670216771895109,1670216771895134,1670216771895137,1670216771895138,1670216771895142,1670216771895144,1670216771895145,1670216771895147,1670216771895150,1670216771895153,1670216771895155,1670216771895158,1670216771895160,1670216771895179,1670216771895182,1670216771895184,1670216771895186,1670216771895189,1670216771895190,1670216771895192,1670216771895194,1670216771895197,1670216771895198,1670216771895200,1670216771895202,1670216771895205,1670216771895207,1670216771895208,1670216771895213,1670216771895215,1670216771895217,1670216771895220,1670216771895222,1670216771895225,1670216771896282,1670216771896285,1670216771896288,1670216771896316,1670216771896318,1670216771896320,1670216771896322,1670216771896323,1670216771896325,1670216771896329,1670216771896331,1670216771896333,1670216771896335,1670216771896337,1670216771896355,1670216771896357,1670216771896360,1670216771896362,1670216771896365,1670216771896367,1670216771896370,1670216771896371,1670216771896373,1670216771896375,1670216771896378,1670216771896380,1670216771896381,1670216771896383,1670216771896385,1670216771896386,1670216771896388,1670216771896390,1670216771896393,1670216771896395,1670216771896398,1670216771896400,1670216771896402,1670216771896403,1670216771896405,1670216771896409,1670216771896411,1670216771896412,1670216771896414,1670216771896416,1670216771896417,1670216771896419,1670216771896421,1670216771896424,1670216771896426,1670216771896428,1670216771896429,1670216771896431,1670216771896433,1670216771896434,1670216771896438,1670216771896440,1670216771896441,1670216771896443,1670216771896445,1670216771896446,1670216771896448,1670216771896450,1670216771896452,1670216771896453,1670216771896455,1670216771896457,1670216771896460,1670216771896469,1670216771896471,1670216771896475,1670216771896477,1670216771896479,1670216771896482,1670216771896484,1670216771896485,1670216771896487,1670216771896489,1670216771896490,1670216771896492,1670216771896494,1670216771896497,1670216771896499,1670216771896501,1670216771896502,1670216771896505,1670216771896507,1670216771896508,1670216771896510,1670216771896512,1670216771896514,1670216771896515,1670216771896517,1670216771896519,1670216771896520,1670216771896523,1670216771896524,1670216771896526,1670216771896528,1670216771896529,1670216771896533,1670216771896535,1670216771896537,1670216771896539,1670216771896542,1670216771896543,1670216771896545,1670216771896547,1670216771896548,1670216771896550,1670216771896552,1670216771896554,1670216771896557,1670216771896559,1670216771896562,1670216771896565,1670216771896567,1670216771896570,1670216771896572,1670216771896574,1670216771896575,1670216771896577,1670216771896580,1670216771896582,1670216771896584,1670216771896585,1670216771896587,1670216771896589,1670216771896590,1670216771896593,1670216771896597,1670216771896599,1670216771896601,1670216771896604,1670216771896606,1670216771896608,1670216771896609,1670216771896612,1670216771896614,1670216771896616,1670216771896617,1670216771896619,1670216771896621,1670216771896622,1670216771896624,1670216771896628,1670216771896630,1670216771896632,1670216771896635,1670216771896637,1670216771896640,1670216771896642,1670216771896645,1670216771896646,1670216771896648,1670216771896650,1670216771896652,1670216771896655,1670216771896656,1670216771896658,1670216771896661,1670216771896663,1670216771896665,1670216771896666,1670216771896669,1670216771896670,1670216771896672,1670216771896674,1670216771896675,1670216771896677,1670216771896679,1670216771899791,1670216771899862,1670216771899875,1670216771899877,1670216771899886,1670216771899888,1670216771899889,1670216771899891,1670216771899892,1670216771899894,1670216771899895,1670216771899897,1670216771899899,1670216771899900,1670216771899901,1670216771899902,1670216771899904,1670216771899905,1670216771899906,1670216771899910,1670216771899912,1670216771899913,1670216771899915,1670216771899917,1670216771899918,1670216771899919,1670216771899920,1670216771899922,1670216771899923,1670216771899924,1670216771899925,1670216771899927,1670216771899928,1670216771899929,1670216771899932,1670216771899934,1670216771899935,1670216771899937,1670216771899938,1670216771899939,1670216771899940,1670216771899942,1670216771899943,1670216771899944,1670216771899945,1670216771899947,1670216771899948,1670216771899949,1670216771899950,1670216771899953,1670216771899955,1670216771903071,1670216771903081,1670216771903083,1670216771903085,1670216771903086,1670216771903089,1670216771903091,1670216771903092,1670216771903094,1670216771903096,1670216771903097,1670216771903098,1670216771903099,1670216771903111,1670216771903113,1670216771903115,1670216771903116,1670216771903118,1670216771903119,1670216771903120,1670216771903122,1670216771903123,1670216771903124,1670216771903125,1670216771903127,1670216771903130,1670216771903131,1670216771903132,1670216771903136,1670216771903138,1670216771903140,1670216771903141,1670216771903142,1670216771903143,1670216771903145,1670216771903147,1670216771903149,1670216771903150,1670216771903152,1670216771903153,1670216771903155,1670216771903156,1670216771903157,1670216771903161,1670216771903163,1670216771903164,1670216771903166,1670216771903167,1670216771903169,1670216771903170,1670216771903171,1670216771903172,1670216771903174,1670216771903175,1670216771903176,1670216771903179,1670216771903181,1670216771903182,1670216771903185,1670216771903187,1670216771903188,1670216771903189,1670216771903190,1670216771903193,1670216771903194,1670216771903195,1670216771903197,1670216771903198,1670216771906264,1670216771906276,1670216771906278,1670216771906280,1670216771906282,1670216771906294,1670216771906297,1670216771906298,1670216771906299,1670216771906300,1670216771906302,1670216771906303,1670216771906304,1670216771906306,1670216771906308,1670216771906309,1670216771906311,1670216771906313,1670216771906314,1670216771906315,1670216771906319,1670216771906320,1670216771906321,1670216771906323,1670216771906324,1670216771906326,1670216771906327,1670216771906330,1670216771906332,1670216771906333,1670216771906334,1670216771906335,1670216771906337,1670216771906339,1670216771906340,1670216771906343,1670216771906345,1670216771906346,1670216771906348,1670216771906349,1670216771906351,1670216771906352,1670216771906353,1670216771906354,1670216771906356,1670216771906357,1670216771906359,1670216771906361,1670216771906363,1670216771906364,1670216771906367,1670216771909435,1670216771909445,1670216771909448,1670216771909450,1670216771909453,1670216771909455,1670216771909458,1670216771909460,1670216771909463,1670216771909465,1670216771909468,1670216771909470,1670216771909472,1670216771909474,1670216771909486,1670216771909488,1670216771909490,1670216771909493,1670216771909495,1670216771909497,1670216771909500,1670216771909502,1670216771909504,1670216771909506,1670216771909507,1670216771909509,1670216771909512,1670216771909519,1670216771909520,1670216771909525,1670216771909527,1670216771909529,1670216771909532,1670216771909534,1670216771909537,1670216771909538,1670216771909540,1670216771909542,1670216771909544,1670216771909546,1670216771909548,1670216771909550,1670216771909552,1670216771909553,1670216771909558,1670216771909560,1670216771909562,1670216771909564,1670216771909567,1670216771909569,1670216771909572,1670216771912677,1670216771912687,1670216771912690,1670216771912692,1670216771912694,1670216771912697,1670216771912699,1670216771912702,1670216771912714,1670216771912716,1670216771912718,1670216771912720,1670216771912723,1670216771912725,1670216771912728,1670216771912730,1670216771912733,1670216771912735,1670216771912738,1670216771912740,1670216771912742,1670216771912744,1670216771912747,1670216771912751,1670216771912754,1670216771912756,1670216771912758,1670216771912760,1670216771912763,1670216771912765,1670216771912768,1670216771912770,1670216771912772,1670216771912775,1670216771912777,1670216771912780,1670216771912782,1670216771912784,1670216771912788,1670216771912790,1670216771912792,1670216771912795,1670216771912796,1670216771912798,1670216771912800,1670216771912802,1670216771912805,1670216771912807,1670216771912810,1670216771912812,1670216771912815,1670216771915922,1670216771915933,1670216771915946,1670216771915948,1670216771915950,1670216771915953,1670216771915955,1670216771915958,1670216771915960,1670216771915963,1670216771915966,1670216771915968,1670216771915970,1670216771915972,1670216771915975,1670216771915977,1670216771915978,1670216771915984,1670216771915986,1670216771915988,1670216771915990,1670216771915992,1670216771915995,1670216771915997,1670216771916000,1670216771916002,1670216771916005,1670216771916007,1670216771916010,1670216771916012,1670216771916015,1670216771916017,1670216771916021,1670216771916023,1670216771916025,1670216771916028,1670216771916030,1670216771916033,1670216771916035,1670216771916037,1670216771916040,1670216771916041,1670216771916043,1670216771916045,1670216771916048,1670216771916050,1670216771916052,1670216771916056,1670216771916058,1670216771916060,1670216771916063,1670216771916065,1670216771916067,1670216771916069,1670216771916071,1670216771916073,1670216771916075,1670216771916078,1670216771916080,1670216771916082,1670216771919196,1670216771919209,1670216771919224,1670216771919227,1670216771919229,1670216771919232,1670216771919235,1670216771919237,1670216771919240,1670216771919242,1670216771919245,1670216771919255,1670216771919258,1670216771919260,1670216771919263,1670216771919265,1670216771919268,1670216771919274,1670216771919276,1670216771919278,1670216771919281,1670216771919283,1670216771919286,1670216771919288,1670216771919291,1670216771919293,1670216771919296,1670216771919298,1670216771919300,1670216771919303,1670216771919305,1670216771919308,1670216771919313,1670216771919315,1670216771919318,1670216771919320,1670216771919323,1670216771919325,1670216771919328,1670216771919330,1670216771919333,1670216771919335,1670216771919338,1670216771919350,1670216771919352,1670216771919355,1670216771919358,1670216771919363,1670216771919366,1670216771919368,1670216771919371,1670216771919373,1670216771919376,1670216771919378,1670216771919380,1670216771919383,1670216771919385,1670216771919388,1670216771919390,1670216771922463,1670216771922477,1670216771922481,1670216771922495,1670216771922499,1670216771922501,1670216771922504,1670216771922506,1670216771922509,1670216771922511,1670216771922514,1670216771922516,1670216771922519,1670216771922522,1670216771922524,1670216771922528,1670216771922530,1670216771922533,1670216771922538,1670216771922541,1670216771922543,1670216771922546,1670216771922548,1670216771922551,1670216771922553,1670216771922556,1670216771922559,1670216771922561,1670216771922564,1670216771922567,1670216771922569,1670216771922571,1670216771922574,1670216771922580,1670216771922582,1670216771922585,1670216771922587,1670216771922590,1670216771922592,1670216771922595,1670216771922597,1670216771922600,1670216771922602,1670216771922604,1670216771922607,1670216771922609,1670216771922612,1670216771922614,1670216771922620,1670216771922623,1670216771922625,1670216771925697,1670216771925709,1670216771925712,1670216771925715,1670216771925718,1670216771925720,1670216771925723,1670216771925725,1670216771925728,1670216771925730,1670216771925732,1670216771925735,1670216771925748,1670216771925750,1670216771925753,1670216771925760,1670216771925763,1670216771925766,1670216771925768,1670216771925771,1670216771925773,1670216771925776,1670216771925778,1670216771925781,1670216771925784,1670216771925786,1670216771925788,1670216771925794,1670216771925796,1670216771925799,1670216771925801,1670216771925804,1670216771925806,1670216771925808,1670216771925811,1670216771925813,1670216771925816,1670216771925818,1670216771925820,1670216771925823,1670216771925825,1670216771925827,1670216771925833,1670216771925835,1670216771925838,1670216771925841,1670216771925843,1670216771925846,1670216771925849,1670216771925851,1670216771925854,1670216771928971,1670216771928986,1670216771928990,1670216771928993,1670216771928996,1670216771928999,1670216771929016,1670216771929020,1670216771929023,1670216771929026,1670216771929030,1670216771929033,1670216771929036,1670216771929039,1670216771929042,1670216771929045,1670216771929048,1670216771929051,1670216771929054,1670216771929057,1670216771929060,1670216771929068,1670216771929071,1670216771929074,1670216771929077,1670216771929080,1670216771929083,1670216771929086,1670216771929089,1670216771929092,1670216771929095,1670216771929098,1670216771929101,1670216771929105,1670216771929108,1670216771929111,1670216771929117,1670216771929120,1670216771929123,1670216771929126,1670216771929129,1670216771929132,1670216771929136,1670216771929139,1670216771929142,1670216771929145,1670216771929148,1670216771929151,1670216771929154,1670216771929157,1670216771929161,1670216771929167,1670216771929170,1670216771929173,1670216771929176,1670216771929179,1670216771929182,1670216771929185,1670216771929189,1670216771929192,1670216771929195,1670216771929198,1670216771929201,1670216771929204,1670216771929207,1670216771929210,1670216771929216,1670216771929219,1670216771932339,1670216771932357,1670216771932362,1670216771932365,1670216771932368,1670216771932371,1670216771932375,1670216771932378,1670216771932381,1670216771932384,1670216771932387,1670216771932390,1670216771932394,1670216771932413,1670216771932417,1670216771932420,1670216771932423,1670216771932426,1670216771932430,1670216771932433,1670216771932436,1670216771932439,1670216771932442,1670216771932445,1670216771932448,1670216771932451,1670216771932455,1670216771932458,1670216771932466,1670216771932469,1670216771932472,1670216771932475,1670216771932478,1670216771932481,1670216771932485,1670216771932488,1670216771932491,1670216771932494,1670216771932497,1670216771932500,1670216771932504,1670216771932507,1670216771932510,1670216771932517,1670216771932520,1670216771932523,1670216771932526,1670216771932530,1670216771932533,1670216771932535,1670216771932539,1670216771935660,1670216771935677,1670216771935682,1670216771935686,1670216771935689,1670216771935692,1670216771935695,1670216771935712,1670216771935716,1670216771935719,1670216771935722,1670216771935725,1670216771935728,1670216771935731,1670216771935734,1670216771935738,1670216771935740,1670216771935744,1670216771935747,1670216771935750,1670216771935753,1670216771935756,1670216771935764,1670216771935767,1670216771935770,1670216771935773,1670216771935776,1670216771935779,1670216771935782,1670216771935786,1670216771935789,1670216771935792,1670216771935795,1670216771935798,1670216771935801,1670216771935804,1670216771935807,1670216771935813,1670216771935817,1670216771935819,1670216771935823,1670216771935826,1670216771935829,1670216771935832,1670216771935835,1670216771935838,1670216771935841,1670216771935844,1670216771935848,1670216771935851,1670216771935854,1670216771938982,1670216771939017,1670216771939024,1670216771939028,1670216771939032,1670216771939036,1670216771939039,1670216771939043,1670216771939046,1670216771939050,1670216771939054,1670216771939058,1670216771939062,1670216771939066,1670216771939070,1670216771939074,1670216771939083,1670216771939087,1670216771939091,1670216771939094,1670216771939098,1670216771939102,1670216771939105,1670216771939109,1670216771939113,1670216771939117,1670216771939121,1670216771939125,1670216771939129,1670216771939132,1670216771939136,1670216771939144,1670216771939147,1670216771939151,1670216771939155,1670216771939158,1670216771939162,1670216771939166,1670216771939170,1670216771939174,1670216771939177,1670216771939181,1670216771939184,1670216771939188,1670216771939192,1670216771939196,1670216771939203,1670216771939207,1670216771939210,1670216771939214,1670216771939217,1670216771939221,1670216771939225,1670216771939229,1670216771939233,1670216771939237,1670216771939240,1670216771939244,1670216771939248,1670216771939251,1670216771939255,1670216771939262,1670216771939267,1670216771939270,1670216771939274,1670216771939278,1670216771939281,1670216771939285,1670216771942369,1670216771942389,1670216771942394,1670216771942398,1670216771942402,1670216771942406,1670216771942410,1670216771942413,1670216771942435,1670216771942439,1670216771942443,1670216771942446,1670216771942451,1670216771942455,1670216771942458,1670216771942462,1670216771942466,1670216771942469,1670216771942473,1670216771942476,1670216771942481,1670216771942484,1670216771942488,1670216771942495,1670216771942499,1670216771942503,1670216771942507,1670216771942516,1670216771942520,1670216771942524,1670216771942528,1670216771942532,1670216771942536,1670216771942540,1670216771942544,1670216771942548,1670216771942552,1670216771942556,1670216771942564,1670216771942569,1670216771942572,1670216771942577,1670216771942580,1670216771942584,1670216771942588,1670216771942598,1670216771942600,1670216771942602,1670216771942606,1670216771942610,1670216771942614,1670216771945698,1670216771945719,1670216771945743,1670216771945748,1670216771945753,1670216771945757,1670216771945761,1670216771945765,1670216771945768,1670216771945772,1670216771945775,1670216771945779,1670216771945783,1670216771945786,1670216771945790,1670216771945795,1670216771945798,1670216771945807,1670216771945811,1670216771945815,1670216771945819,1670216771945822,1670216771945826,1670216771945830,1670216771945834,1670216771945838,1670216771945842,1670216771945845,1670216771945849,1670216771945853,1670216771945856,1670216771945861,1670216771945870,1670216771945879,1670216771945882,1670216771945884,1670216771945887,1670216771945891,1670216771945894,1670216771945898,1670216771945902,1670216771945906,1670216771945910,1670216771945914,1670216771945918,1670216771945922,1670216771945925,1670216771945933,1670216771945937,1670216771945941,1670216771945945,1670216771949074,1670216771949093,1670216771949099,1670216771949103,1670216771949108,1670216771949112,1670216771949115,1670216771949119,1670216771949123,1670216771949126,1670216771949130,1670216771949153,1670216771949157,1670216771949161,1670216771949164,1670216771949169,1670216771949172,1670216771949176,1670216771949180,1670216771949184,1670216771949188,1670216771949192,1670216771949196,1670216771949200,1670216771949204,1670216771949207,1670216771949216,1670216771949220,1670216771949224,1670216771949228,1670216771949231,1670216771949235,1670216771949238,1670216771949243,1670216771949247,1670216771949250,1670216771949254,1670216771949257,1670216771949261,1670216771949264,1670216771949267,1670216771949275,1670216771949279,1670216771949283,1670216771949287,1670216771949291,1670216771949294,1670216771949298,1670216771949322,1670216771949339,1670216771949342,1670216771949346,1670216771949350,1670216771949353,1670216771949357,1670216771949360,1670216771949368,1670216771949373,1670216771949377,1670216771949381,1670216771949384,1670216771949388,1670216771949391,1670216771949395,1670216771949398,1670216771949403,1670216771949406,1670216771949410,1670216771952540,1670216771952558,1670216771952563,1670216771952587,1670216771952591,1670216771952595,1670216771952599,1670216771952602,1670216771952606,1670216771952610,1670216771952614,1670216771952618,1670216771952621,1670216771952625,1670216771952629,1670216771952633,1670216771952636,1670216771952641,1670216771952649,1670216771952653,1670216771952657,1670216771952661,1670216771952664,1670216771952668,1670216771952671,1670216771952676,1670216771952679,1670216771952683,1670216771952688,1670216771952692,1670216771952696,1670216771952700,1670216771952703,1670216771952711,1670216771952715,1670216771952719,1670216771952723,1670216771952727,1670216771952731,1670216771952735,1670216771952738,1670216771952742,1670216771952746,1670216771952750,1670216771952753,1670216771952757,1670216771952761,1670216771952764,1670216771952772,1670216771952776,1670216771952780,1670216771955906,1670216771955925,1670216771955931,1670216771955935,1670216771955938,1670216771955942,1670216771955946,1670216771955949,1670216771955953,1670216771955957,1670216771955961,1670216771955965,1670216771955985,1670216771955990,1670216771956009,1670216771956013,1670216771956018,1670216771956022,1670216771956026,1670216771956030,1670216771956034,1670216771956037,1670216771956041,1670216771956045,1670216771956048,1670216771956052,1670216771956056,1670216771956065,1670216771956069,1670216771956072,1670216771956076,1670216771956079,1670216771956083,1670216771956087,1670216771956091,1670216771956095,1670216771956099,1670216771956104,1670216771956107,1670216771956112,1670216771956115,1670216771956119,1670216771956127,1670216771956130,1670216771956135,1670216771956139,1670216771956142,1670216771956146,1670216771956149,1670216771956153,1670216771956157,1670216771956161,1670216771956164,1670216771956168,1670216771956172,1670216771956175,1670216771956179,1670216771956186,1670216771956191,1670216771956194,1670216771956198,1670216771956202,1670216771956206,1670216771956209,1670216771956213,1670216771956216,1670216771956220,1670216771956224,1670216771959351,1670216771959375,1670216771959381,1670216771959385,1670216771959408,1670216771959413,1670216771959417,1670216771959421,1670216771959425,1670216771959430,1670216771959434,1670216771959438,1670216771959442,1670216771959445,1670216771959449,1670216771959453,1670216771959457,1670216771959461,1670216771959465,1670216771959474,1670216771959478,1670216771959482,1670216771959485,1670216771959490,1670216771959493,1670216771959497,1670216771959501,1670216771959505,1670216771959508,1670216771959512,1670216771959515,1670216771959519,1670216771959523,1670216771959527,1670216771959535,1670216771959539,1670216771959543,1670216771959546,1670216771959550,1670216771959553,1670216771959557,1670216771959562,1670216771959566,1670216771959570,1670216771959573,1670216771959577,1670216771959581,1670216771959583,1670216771959586,1670216771959593,1670216771959597,1670216771962681,1670216771962702,1670216771962708,1670216771962711,1670216771962715,1670216771962719,1670216771962722,1670216771962726,1670216771962729,1670216771962733,1670216771962737,1670216771962741,1670216771962745,1670216771962765,1670216771962769,1670216771962773,1670216771962776,1670216771962780,1670216771962784,1670216771962788,1670216771962792,1670216771962796,1670216771962800,1670216771962803,1670216771962807,1670216771962812,1670216771962815,1670216771962819,1670216771962827,1670216771962831,1670216771962834,1670216771962838,1670216771962842,1670216771962846,1670216771962850,1670216771962854,1670216771962867,1670216771962870,1670216771962874,1670216771962878,1670216771962881,1670216771962885,1670216771962889,1670216771962897,1670216771962900,1670216771962904,1670216771962908,1670216771962912,1670216771962915,1670216771962919,1670216771962923,1670216771966007,1670216771966027,1670216771966033,1670216771966037,1670216771966041,1670216771966045,1670216771966048,1670216771966072,1670216771966077,1670216771966080,1670216771966084,1670216771966088,1670216771966091,1670216771966095,1670216771966098,1670216771966102,1670216771966105,1670216771966109,1670216771966113,1670216771966117,1670216771966120,1670216771966124,1670216771966132,1670216771966135,1670216771966140,1670216771966144,1670216771966148,1670216771966151,1670216771966155,1670216771966159,1670216771966162,1670216771966166,1670216771966169,1670216771966173,1670216771966177,1670216771966181,1670216771966185,1670216771966195,1670216771966199,1670216771966203,1670216771966206,1670216771966210,1670216771966215,1670216771966218,1670216771966222,1670216771966226,1670216771966230,1670216771966234,1670216771966237,1670216771966241,1670216771966245,1670216771966249,1670216771966256,1670216771966260,1670216771966264,1670216771966268,1670216771966271,1670216771966275,1670216771966279,1670216771966283,1670216771966287,1670216771966290,1670216771966294,1670216771966299,1670216771966302,1670216771966306,1670216771966310,1670216771966317,1670216771969390,1670216771969413,1670216771969420,1670216771969423,1670216771969427,1670216771969431,1670216771969434,1670216771969438,1670216771969442,1670216771969445,1670216771969449,1670216771969453,1670216771969458,1670216771969462,1670216771969482,1670216771969486,1670216771969490,1670216771969494,1670216771969498,1670216771969501,1670216771969505,1670216771969509,1670216771969513,1670216771969523,1670216771969527,1670216771969530,1670216771969535,1670216771969538,1670216771969542,1670216771969550,1670216771969554,1670216771969558,1670216771969562,1670216771969565,1670216771969570,1670216771969574,1670216771969578,1670216771969581,1670216771969585,1670216771969588,1670216771969592,1670216771969596,1670216771969600,1670216771969603,1670216771969611,1670216771969615,1670216771969618,1670216771969622,1670216771969626,1670216771969629,1670216771969633,1670216771972764,1670216771972783,1670216771972788,1670216771972792,1670216771972796,1670216771972800,1670216771972804,1670216771972807,1670216771972829,1670216771972834,1670216771972837,1670216771972841,1670216771972846,1670216771972850,1670216771972853,1670216771972857,1670216771972861,1670216771972865,1670216771972869,1670216771972873,1670216771972877,1670216771972881,1670216771972886,1670216771972895,1670216771972900,1670216771972904,1670216771972908,1670216771972911,1670216771972916,1670216771972920,1670216771972924,1670216771972928,1670216771972932,1670216771972936,1670216771972939,1670216771972943,1670216771972947,1670216771972950,1670216771972958,1670216771972962,1670216771972966,1670216771972970,1670216771972973,1670216771972977,1670216771972981,1670216771972985,1670216771972989,1670216771972992,1670216771972996,1670216771973000,1670216771973003,1670216771976132,1670216771976150,1670216771976170,1670216771976175,1670216771976178,1670216771976183,1670216771976187,1670216771976190,1670216771976194,1670216771976197,1670216771976201,1670216771976204,1670216771976208,1670216771976212,1670216771976217,1670216771976219,1670216771976223,1670216771976231,1670216771976235,1670216771976238,1670216771976242,1670216771976245,1670216771976249,1670216771976253,1670216771976257,1670216771976261,1670216771976265,1670216771976269,1670216771976272,1670216771976276,1670216771976280,1670216771976284,1670216771976299,1670216771976303,1670216771976307,1670216771976312,1670216771976315,1670216771976320,1670216771976324,1670216771976328,1670216771976332,1670216771976337,1670216771976340,1670216771976344,1670216771976347,1670216771976351,1670216771976355,1670216771976364,1670216771976368,1670216771976372,1670216771976375,1670216771976379,1670216771976383,1670216771976386,1670216771976390,1670216771976395,1670216771976398,1670216771976402,1670216771976407,1670216771976410,1670216771976414,1670216771976417,1670216771976425,1670216771976429,1670216771976433,1670216771976437,1670216771976441,1670216771976445,1670216771979573,1670216771979591,1670216771979596,1670216771979600,1670216771979604,1670216771979607,1670216771979612,1670216771979616,1670216771979619,1670216771979638,1670216771979643,1670216771979647,1670216771979650,1670216771979654,1670216771979658,1670216771979663,1670216771979667,1670216771979671,1670216771979675,1670216771979678,1670216771979682,1670216771979686,1670216771979690,1670216771979693,1670216771979702,1670216771979706,1670216771979710,1670216771979713,1670216771979717,1670216771979721,1670216771979725,1670216771979729,1670216771979732,1670216771979736,1670216771979740,1670216771979743,1670216771979747,1670216771979750,1670216771979754,1670216771979762,1670216771979767,1670216771979771,1670216771979775,1670216771979779,1670216771979783,1670216771979786,1670216771979791,1670216771979795,1670216771979799,1670216771979803,1670216771979807,1670216771982934,1670216771982957,1670216771982963,1670216771982986,1670216771982990,1670216771982994,1670216771982998,1670216771983002,1670216771983005,1670216771983009,1670216771983012,1670216771983016,1670216771983019,1670216771983024,1670216771983027,1670216771983031,1670216771983035,1670216771983038,1670216771983046,1670216771983050,1670216771983053,1670216771983058,1670216771983061,1670216771983065,1670216771983068,1670216771983072,1670216771983076,1670216771983079,1670216771983083,1670216771983087,1670216771983091,1670216771983095,1670216771983099,1670216771983107,1670216771983111,1670216771983115,1670216771983119,1670216771983123,1670216771983127,1670216771983131,1670216771983135,1670216771983138,1670216771983142,1670216771983145,1670216771983149,1670216771983154,1670216771983157,1670216771983161,1670216771983168,1670216771983172,1670216771983176,1670216771983180,1670216771983183,1670216771983188,1670216771983192,1670216771983195,1670216771983199,1670216771983203,1670216771983207,1670216771983210,1670216771983214,1670216771983218,1670216771983222,1670216771983231,1670216771983235,1670216771983239,1670216771983243,1670216771983246,1670216771986331,1670216771986355,1670216771986367,1670216771986371,1670216771986375,1670216771986379,1670216771986383,1670216771986386,1670216771986390,1670216771986393,1670216771986414,1670216771986419,1670216771986423,1670216771986427,1670216771986430,1670216771986435,1670216771986438,1670216771986442,1670216771986446,1670216771986450,1670216771986454,1670216771986458,1670216771986462,1670216771986466,1670216771986469,1670216771986481,1670216771986484,1670216771986487,1670216771986492,1670216771986495,1670216771986499,1670216771986503,1670216771986506,1670216771986510,1670216771986514,1670216771986525,1670216771986528,1670216771986532,1670216771986536,1670216771986540,1670216771986548,1670216771986552,1670216771986555,1670216771986559,1670216771986564,1670216771986568,1670216771986571,1670216771986576,1670216771986579,1670216771986583,1670216771986586,1670216771989671,1670216771989695,1670216771989700,1670216771989703,1670216771989725,1670216771989730,1670216771989734,1670216771989738,1670216771989742,1670216771989746,1670216771989749,1670216771989753,1670216771989757,1670216771989761,1670216771989765,1670216771989769,1670216771989772,1670216771989776,1670216771989780,1670216771989788,1670216771989792,1670216771989796,1670216771989800,1670216771989804,1670216771989808,1670216771989812,1670216771989815,1670216771989819,1670216771989830,1670216771989838,1670216771989842,1670216771989846,1670216771989850,1670216771989854,1670216771989862,1670216771989866,1670216771989870,1670216771989874,1670216771989877,1670216771989881,1670216771989885,1670216771989888,1670216771989892,1670216771989895,1670216771989900,1670216771989903,1670216771989907,1670216771989911,1670216771989914,1670216771989922,1670216771989927,1670216771993057,1670216771993076,1670216771993081,1670216771993085,1670216771993089,1670216771993092,1670216771993096,1670216771993100,1670216771993104,1670216771993108,1670216771993112,1670216771993116,1670216771993119,1670216771993141,1670216771993146,1670216771993149,1670216771993153,1670216771993157,1670216771993160,1670216771993164,1670216771993167,1670216771993171,1670216771993175,1670216771993179,1670216771993183,1670216771993187,1670216771993191,1670216771993194,1670216771993204,1670216771993208,1670216771993212,1670216771993217,1670216771993221,1670216771993225,1670216771993229,1670216771993233,1670216771993236,1670216771993240,1670216771993244,1670216771993248,1670216771993252,1670216771993256,1670216771993259,1670216771993268,1670216771993272,1670216771993275,1670216771993280,1670216771993284,1670216771993288,1670216771993292,1670216771993296,1670216771993317,1670216771993335,1670216771993338,1670216771993341,1670216771993345,1670216771993349,1670216771993352,1670216771993359,1670216771993363,1670216771993366,1670216771993371,1670216771993375,1670216771993379,1670216771993383,1670216771993387,1670216771993390,1670216771993394,1670216771996526,1670216771996545,1670216771996550,1670216771996555,1670216771996558,1670216771996583,1670216771996586,1670216771996591,1670216771996594,1670216771996598,1670216771996602,1670216771996605,1670216771996609,1670216771996612,1670216771996617,1670216771996621,1670216771996624,1670216771996628,1670216771996632,1670216771996635,1670216771996644,1670216771996657,1670216771996661,1670216771996665,1670216771996668,1670216771996672,1670216771996676,1670216771996679,1670216771996683,1670216771996686,1670216771996691,1670216771996694,1670216771996698,1670216771996701,1670216771996705,1670216771996712,1670216771996717,1670216771996720,1670216771996724,1670216771996728,1670216771996731,1670216771996735,1670216771996739,1670216771996742,1670216771996746,1670216771996749,1670216771996753,1670216771996757,1670216771996760,1670216771996762,1670216771996769,1670216771999903,1670216771999925,1670216771999932,1670216771999936,1670216771999940,1670216771999943,1670216771999947,1670216771999951,1670216771999955,1670216771999959,1670216771999963,1670216771999967,1670216771999976,1670216771999979,1670216772000000,1670216772000005,1670216772000009,1670216772000013,1670216772000016,1670216772000020,1670216772000024,1670216772000028,1670216772000032,1670216772000035,1670216772000039,1670216772000043,1670216772000047,1670216772000051,1670216772000054,1670216772000063,1670216772000066,1670216772000070,1670216772000074,1670216772000078,1670216772000082,1670216772000086,1670216772000090,1670216772000093,1670216772000096,1670216772000100,1670216772000104,1670216772000108,1670216772000112,1670216772000116,1670216772000123,1670216772000127,1670216772000131,1670216772000134,1670216772000138,1670216772000142,1670216772000146,1670216772000150,1670216772000154,1670216772000158,1670216772000161,1670216772000165,1670216772000169,1670216772000173,1670216772000177,1670216772000185,1670216772000189,1670216772000192,1670216772000196,1670216772000200,1670216772000204,1670216772000208,1670216772000212,1670216772000216,1670216772003342,1670216772003364,1670216772003370,1670216772003374,1670216772003378,1670216772003382,1670216772003400,1670216772003405,1670216772003409,1670216772003412,1670216772003416,1670216772003419,1670216772003423,1670216772003427,1670216772003430,1670216772003434,1670216772003438,1670216772003442,1670216772003446,1670216772003450,1670216772003453,1670216772003464,1670216772003468,1670216772003472,1670216772003476,1670216772003480,1670216772003484,1670216772003488,1670216772003492,1670216772003496,1670216772003500,1670216772003504,1670216772003508,1670216772003512,1670216772003515,1670216772003519,1670216772003526,1670216772003530,1670216772003534,1670216772003538,1670216772003543,1670216772003547,1670216772003551,1670216772003555,1670216772003558,1670216772003562,1670216772003565,1670216772003569,1670216772003574,1670216772003577,1670216772003581,1670216772006668,1670216772006689,1670216772006695,1670216772006699,1670216772006702,1670216772006706,1670216772006710,1670216772006715,1670216772006719,1670216772006723,1670216772006727,1670216772006731,1670216772006734,1670216772006738,1670216772006742,1670216772006760,1670216772006764,1670216772006769,1670216772006773,1670216772006776,1670216772006780,1670216772006783,1670216772006787,1670216772006792,1670216772006796,1670216772006799,1670216772006803,1670216772006807,1670216772006811,1670216772006814,1670216772006822,1670216772006826,1670216772006829,1670216772006833,1670216772006838,1670216772006841,1670216772006845,1670216772006849,1670216772006853,1670216772006856,1670216772006860,1670216772006864,1670216772006868,1670216772006872,1670216772006876,1670216772006884,1670216772006888,1670216772006892,1670216772006896,1670216772006900,1670216772006904,1670216772009987,1670216772010008,1670216772010013,1670216772010017,1670216772010021,1670216772010025,1670216772010029,1670216772010033,1670216772010037,1670216772010056,1670216772010068,1670216772010071,1670216772010075,1670216772010079,1670216772010083,1670216772010086,1670216772010090,1670216772010093,1670216772010097,1670216772010100,1670216772010104,1670216772010107,1670216772010111,1670216772010115,1670216772010123,1670216772010127,1670216772010131,1670216772010134,1670216772010138,1670216772010141,1670216772010145,1670216772010149,1670216772010153,1670216772010157,1670216772010161,1670216772010165,1670216772010169,1670216772010173,1670216772010177,1670216772010184,1670216772010188,1670216772010191,1670216772010196,1670216772010199,1670216772010203,1670216772010206,1670216772010211,1670216772010214,1670216772010218,1670216772010222,1670216772010225,1670216772010229,1670216772010232,1670216772010236,1670216772010243,1670216772010247,1670216772010251,1670216772010256,1670216772010259,1670216772010263,1670216772010266,1670216772010270,1670216772010274,1670216772010278,1670216772010283,1670216772010287,1670216772010290,1670216772010294,1670216772014677,1670216772014721,1670216772014728,1670216772014732,1670216772014736,1670216772014739,1670216772014744,1670216772014747,1670216772014751,1670216772014755,1670216772014759,1670216772014763,1670216772014768,1670216772014773,1670216772014777,1670216772014780,1670216772014789,1670216772014793,1670216772014796,1670216772014800,1670216772014803,1670216772014807,1670216772014811,1670216772014815,1670216772014819,1670216772014823,1670216772014826,1670216772014830,1670216772014834,1670216772014838,1670216772014842,1670216772014850,1670216772014854,1670216772014858,1670216772014862,1670216772014865,1670216772014869,1670216772014872,1670216772014877,1670216772014881,1670216772014885,1670216772014889,1670216772014892,1670216772014896,1670216772014899,1670216772014903,1670216772014910,1670216772014914,1670216772014918,1670216772014922,1670216772014925,1670216772014929,1670216772014933,1670216772014936,1670216772014941,1670216772014945,1670216772014949,1670216772014953,1670216772014957,1670216772014960,1670216772014964,1670216772014971,1670216772014975,1670216772014979,1670216772014983,1670216772014988,1670216772014991,1670216772014995,1670216772018078,1670216772018100,1670216772018105,1670216772018110,1670216772018113,1670216772018117,1670216772018121,1670216772018125,1670216772018145,1670216772018149,1670216772018153,1670216772018165,1670216772018169,1670216772018173,1670216772018177,1670216772018182,1670216772018185,1670216772018189,1670216772018192,1670216772018196,1670216772018199,1670216772018203,1670216772018207,1670216772018215,1670216772018220,1670216772018223,1670216772018227,1670216772018230,1670216772018234,1670216772018238,1670216772018242,1670216772018245,1670216772018249,1670216772018253,1670216772018257,1670216772018261,1670216772018264,1670216772018268,1670216772018276,1670216772018280,1670216772018284,1670216772018289,1670216772018293,1670216772018296,1670216772018300,1670216772018304,1670216772018308,1670216772018312,1670216772018316,1670216772018320,1670216772018324,1670216772018327,1670216772018331,1670216772018339,1670216772018343,1670216772018346,1670216772018350,1670216772018355,1670216772018358,1670216772018362,1670216772018365,1670216772018370,1670216772018373,1670216772018377,1670216772018381,1670216772018385,1670216772018388,1670216772018392,1670216772021478,1670216772021496,1670216772021502,1670216772021506,1670216772021509,1670216772021513,1670216772021517,1670216772021521,1670216772021524,1670216772021528,1670216772021532,1670216772021535,1670216772021539,1670216772021543,1670216772021547,1670216772021565,1670216772021569,1670216772021573,1670216772021578,1670216772021581,1670216772021585,1670216772021589,1670216772021593,1670216772021598,1670216772021601,1670216772021605,1670216772021608,1670216772021612,1670216772021615,1670216772021620,1670216772021628,1670216772021632,1670216772021636,1670216772021640,1670216772021644,1670216772021647,1670216772021651,1670216772021655,1670216772021659,1670216772021663,1670216772021667,1670216772021671,1670216772021675,1670216772021678,1670216772021682,1670216772021689,1670216772021694,1670216772021697,1670216772021701,1670216772021705,1670216772021709,1670216772024841,1670216772024858,1670216772024863,1670216772024867,1670216772024871,1670216772024874,1670216772024878,1670216772024882,1670216772024886,1670216772024904,1670216772024909,1670216772024912,1670216772024916,1670216772024920,1670216772024924,1670216772024928,1670216772024931,1670216772024935,1670216772024939,1670216772024943,1670216772024947,1670216772024950,1670216772024954,1670216772024958,1670216772024968,1670216772024971,1670216772024975,1670216772024979,1670216772024983,1670216772024986,1670216772024990,1670216772024994,1670216772024999,1670216772025003,1670216772025007,1670216772025011,1670216772025015,1670216772025019,1670216772025022,1670216772025030,1670216772025035,1670216772025039,1670216772025043,1670216772025047,1670216772025052,1670216772025056,1670216772025060,1670216772025064,1670216772025068,1670216772025072,1670216772025075,1670216772028221,1670216772028242,1670216772028249,1670216772028271,1670216772028276,1670216772028280,1670216772028284,1670216772028288,1670216772028292,1670216772028295,1670216772028299,1670216772028303,1670216772028307,1670216772028310,1670216772028313,1670216772028316,1670216772028320,1670216772028323,1670216772028331,1670216772028335,1670216772028339,1670216772028343,1670216772028346,1670216772028350,1670216772028354,1670216772028357,1670216772028361,1670216772028365,1670216772028368,1670216772028372,1670216772028375,1670216772028380,1670216772028384,1670216772028392,1670216772028397,1670216772028400,1670216772028404,1670216772028408,1670216772028412,1670216772028416,1670216772028420,1670216772028423,1670216772028427,1670216772028431,1670216772028434,1670216772028438,1670216772028442,1670216772028446,1670216772028454,1670216772028458,1670216772028461,1670216772028465,1670216772028469,1670216772028473,1670216772028477,1670216772028481,1670216772028485,1670216772028489,1670216772028494,1670216772028498,1670216772028501,1670216772028505,1670216772028509,1670216772028517,1670216772028521,1670216772028525,1670216772028529,1670216772028533,1670216772031664,1670216772031682,1670216772031687,1670216772031691,1670216772031694,1670216772031698,1670216772031702,1670216772031706,1670216772031710,1670216772031713,1670216772031733,1670216772031737,1670216772031742,1670216772031745,1670216772031749,1670216772031753,1670216772031757,1670216772031761,1670216772031765,1670216772031769,1670216772031773,1670216772031777,1670216772031781,1670216772031785,1670216772031788,1670216772031798,1670216772031802,1670216772031806,1670216772031809,1670216772031813,1670216772031817,1670216772031821,1670216772031824,1670216772031828,1670216772031832,1670216772031836,1670216772031840,1670216772031843,1670216772031847,1670216772031852,1670216772031860,1670216772031864,1670216772031868,1670216772031872,1670216772031876,1670216772031879,1670216772031883,1670216772031887,1670216772031891,1670216772031895,1670216772031899,1670216772035029,1670216772035047,1670216772035052,1670216772035056,1670216772035075,1670216772035079,1670216772035083,1670216772035086,1670216772035091,1670216772035095,1670216772035099,1670216772035103,1670216772035106,1670216772035110,1670216772035114,1670216772035117,1670216772035121,1670216772035126,1670216772035129,1670216772035139,1670216772035143,1670216772035146,1670216772035150,1670216772035154,1670216772035158,1670216772035162,1670216772035166,1670216772035170,1670216772035173,1670216772035177,1670216772035181,1670216772035185,1670216772035189,1670216772035192,1670216772035200,1670216772035211,1670216772035214,1670216772035218,1670216772035222,1670216772035227,1670216772035231,1670216772035235,1670216772035239,1670216772035243,1670216772035247,1670216772035251,1670216772035255,1670216772035258,1670216772035263,1670216772035271,1670216772035274,1670216772035278,1670216772035282,1670216772035286,1670216772035290,1670216772035293,1670216772035298,1670216772035301,1670216772035305,1670216772035309,1670216772035313,1670216772035317,1670216772035320,1670216772035323,1670216772035331,1670216772035335,1670216772035339,1670216772035343,1670216772038426,1670216772038448,1670216772038453,1670216772038457,1670216772038461,1670216772038464,1670216772038468,1670216772038472,1670216772038476,1670216772038481,1670216772038484,1670216772038506,1670216772038511,1670216772038515,1670216772038519,1670216772038523,1670216772038527,1670216772038530,1670216772038534,1670216772038538,1670216772038541,1670216772038546,1670216772038550,1670216772038554,1670216772038558,1670216772038562,1670216772038571,1670216772038575,1670216772038578,1670216772038582,1670216772038586,1670216772038590,1670216772038594,1670216772038598,1670216772038602,1670216772038605,1670216772038610,1670216772038614,1670216772038618,1670216772038622,1670216772038626,1670216772038634,1670216772038637,1670216772038641,1670216772038645,1670216772038649,1670216772038653,1670216772038657,1670216772038661,1670216772038665,1670216772038669,1670216772041751,1670216772041773,1670216772041778,1670216772041782,1670216772041785,1670216772041804,1670216772041809,1670216772041813,1670216772041817,1670216772041820,1670216772041824,1670216772041828,1670216772041831,1670216772041835,1670216772041839,1670216772041843,1670216772041847,1670216772041852,1670216772041855,1670216772041859,1670216772041867,1670216772041871,1670216772041875,1670216772041879,1670216772041883,1670216772041887,1670216772041890,1670216772041894,1670216772041898,1670216772041902,1670216772041906,1670216772041910,1670216772041914,1670216772041918,1670216772041922,1670216772041929,1670216772041933,1670216772041936,1670216772041941,1670216772041945,1670216772041949,1670216772041953,1670216772041957,1670216772041961,1670216772041964,1670216772041968,1670216772041973,1670216772041977,1670216772041981,1670216772041985,1670216772041992,1670216772045132,1670216772045149,1670216772045154,1670216772045158,1670216772045161,1670216772045165,1670216772045169,1670216772045172,1670216772045176,1670216772045180,1670216772045184,1670216772045188,1670216772045191,1670216772045195,1670216772045214,1670216772045219,1670216772045223,1670216772045227,1670216772045231,1670216772045235,1670216772045238,1670216772045243,1670216772045247,1670216772045250,1670216772045254,1670216772045258,1670216772045262,1670216772045266,1670216772045269,1670216772045278,1670216772045282,1670216772045285,1670216772045289,1670216772045293,1670216772045297,1670216772045313,1670216772045317,1670216772045320,1670216772045324,1670216772045328,1670216772045338,1670216772045343,1670216772045346,1670216772045350,1670216772045358,1670216772045361,1670216772045365,1670216772045369,1670216772045373,1670216772045377,1670216772045381,1670216772045385,1670216772045388,1670216772045392,1670216772045396,1670216772045400,1670216772045404,1670216772045407,1670216772045411,1670216772045419,1670216772045423,1670216772045427,1670216772045430,1670216772045435,1670216772045439,1670216772045443,1670216772045447,1670216772045451,1670216772048581,1670216772048599,1670216772048604,1670216772048609,1670216772048613,1670216772048617,1670216772048635,1670216772048640,1670216772048645,1670216772048649,1670216772048653,1670216772048656,1670216772048660,1670216772048664,1670216772048668,1670216772048671,1670216772048676,1670216772048680,1670216772048684,1670216772048688,1670216772048692,1670216772048702,1670216772048705,1670216772048709,1670216772048713,1670216772048718,1670216772048722,1670216772048726,1670216772048729,1670216772048733,1670216772048737,1670216772048741,1670216772048745,1670216772048749,1670216772048753,1670216772048757,1670216772048769,1670216772048772,1670216772048775,1670216772048779,1670216772048788,1670216772048792,1670216772048796,1670216772048799,1670216772048803,1670216772048807,1670216772048810,1670216772048814,1670216772048818,1670216772048822,1670216772048825,1670216772051962,1670216772051984,1670216772051988,1670216772051992,1670216772051997,1670216772052001,1670216772052004,1670216772052008,1670216772052012,1670216772052016,1670216772052021,1670216772052024,1670216772052028,1670216772052032,1670216772052035,1670216772052054,1670216772052059,1670216772052064,1670216772052068,1670216772052071,1670216772052075,1670216772052079,1670216772052084,1670216772052087,1670216772052091,1670216772052095,1670216772052099,1670216772052103,1670216772052107,1670216772052111,1670216772052119,1670216772052123,1670216772052127,1670216772052131,1670216772052135,1670216772052139,1670216772052143,1670216772052147,1670216772052151,1670216772052155,1670216772052158,1670216772052163,1670216772052167,1670216772052171,1670216772052175,1670216772052183,1670216772052186,1670216772052190,1670216772052194,1670216772052199,1670216772052203,1670216772052207,1670216772052210,1670216772052214,1670216772052218,1670216772052222,1670216772052226,1670216772052230,1670216772052234,1670216772052239,1670216772052247,1670216772052251,1670216772052255,1670216772052259,1670216772052263,1670216772052267,1670216772052271,1670216772052275,1670216772055401,1670216772055454,1670216772055470,1670216772055474,1670216772055477,1670216772055480,1670216772055483,1670216772055698,1670216772055702,1670216772055705,1670216772055709,1670216772055712,1670216772055715,1670216772055717,1670216772055721,1670216772055724,1670216772055727,1670216772055731,1670216772055734,1670216772055737,1670216772055741,1670216772055743,1670216772055754,1670216772055757,1670216772055760,1670216772055763,1670216772055766,1670216772055770,1670216772055773,1670216772055776,1670216772055779,1670216772055782,1670216772055785,1670216772055788,1670216772055792,1670216772055795,1670216772055798,1670216772055808,1670216772055810,1670216772055813,1670216772055817,1670216772055820,1670216772055823,1670216772055826,1670216772055829,1670216772055832,1670216772055835,1670216772055838,1670216772055842,1670216772055845,1670216772055848,1670216772058975,1670216772059013,1670216772059019,1670216772059022,1670216772059025,1670216772059028,1670216772059031,1670216772059034,1670216772059038,1670216772059041,1670216772059044,1670216772059047,1670216772059050,1670216772059053,1670216772059056,1670216772059059,1670216772059070,1670216772059072,1670216772059075,1670216772059078,1670216772059081,1670216772059091,1670216772059094,1670216772059097,1670216772059100,1670216772059103,1670216772059107,1670216772059110,1670216772059113,1670216772059116,1670216772059119,1670216772059126,1670216772059130,1670216772059133,1670216772059136,1670216772059139,1670216772059142,1670216772059145,1670216772059149,1670216772059152,1670216772059155,1670216772059159,1670216772059162,1670216772059165,1670216772059168,1670216772059171,1670216772059178,1670216772059181,1670216772059185,1670216772059188,1670216772059191,1670216772059194,1670216772059197,1670216772059200,1670216772059203,1670216772059206,1670216772059210,1670216772059213,1670216772059216,1670216772059219,1670216772059222,1670216772059230,1670216772059233,1670216772059236,1670216772059240,1670216772059244,1670216772059248,1670216772059251,1670216772062334,1670216772062350,1670216772062355,1670216772062358,1670216772062362,1670216772062365,1670216772062368,1670216772062371,1670216772062396,1670216772062398,1670216772062402,1670216772062405,1670216772062408,1670216772062411,1670216772062414,1670216772062417,1670216772062421,1670216772062424,1670216772062427,1670216772062430,1670216772062433,1670216772062436,1670216772062439,1670216772062447,1670216772062452,1670216772062455,1670216772062458,1670216772062461,1670216772062464,1670216772062467,1670216772062470,1670216772062473,1670216772062476,1670216772062479,1670216772062483,1670216772062486,1670216772062489,1670216772062492,1670216772062499,1670216772062502,1670216772062513,1670216772062516,1670216772062519,1670216772062522,1670216772062525,1670216772062528,1670216772062531,1670216772062534,1670216772062537,1670216772062541,1670216772062544,1670216772065626,1670216772065642,1670216772065664,1670216772065668,1670216772065671,1670216772065674,1670216772065678,1670216772065681,1670216772065684,1670216772065687,1670216772065691,1670216772065694,1670216772065697,1670216772065701,1670216772065704,1670216772065707,1670216772065710,1670216772065718,1670216772065722,1670216772065726,1670216772065729,1670216772065732,1670216772065735,1670216772065738,1670216772065741,1670216772065744,1670216772065747,1670216772065750,1670216772065754,1670216772065757,1670216772065760,1670216772065763,1670216772065771,1670216772065774,1670216772065778,1670216772065781,1670216772065785,1670216772065788,1670216772065791,1670216772065794,1670216772065797,1670216772065800,1670216772065804,1670216772065807,1670216772065810,1670216772065813,1670216772065816,1670216772065823,1670216772065826,1670216772065829,1670216772065833,1670216772068961,1670216772068976,1670216772068982,1670216772068986,1670216772068989,1670216772068993,1670216772068996,1670216772068999,1670216772069002,1670216772069005,1670216772069008,1670216772069029,1670216772069034,1670216772069037,1670216772069040,1670216772069043,1670216772069046,1670216772069049,1670216772069052,1670216772069055,1670216772069059,1670216772069062,1670216772069065,1670216772069069,1670216772069072,1670216772069075,1670216772069082,1670216772069086,1670216772069089,1670216772069093,1670216772069096,1670216772069099,1670216772069102,1670216772069105,1670216772069108,1670216772069112,1670216772069115,1670216772069119,1670216772069122,1670216772069125,1670216772069128,1670216772069136,1670216772069139,1670216772069142,1670216772069146,1670216772069149,1670216772069152,1670216772069155,1670216772069158,1670216772069162,1670216772069165,1670216772069168,1670216772069171,1670216772069175,1670216772069232,1670216772069237,1670216772069245,1670216772069268,1670216772069272,1670216772069275,1670216772069278,1670216772069281,1670216772069284,1670216772069287,1670216772069290,1670216772069293,1670216772069296,1670216772069311,1670216772072439,1670216772072455,1670216772072459,1670216772072480,1670216772072484,1670216772072487,1670216772072490,1670216772072493,1670216772072497,1670216772072500,1670216772072503,1670216772072506,1670216772072509,1670216772072513,1670216772072516,1670216772072519,1670216772072522,1670216772072525,1670216772072533,1670216772072537,1670216772072540,1670216772072543,1670216772072546,1670216772072549,1670216772072552,1670216772072555,1670216772072558,1670216772072561,1670216772072564,1670216772072567,1670216772072570,1670216772072574,1670216772072576,1670216772072585,1670216772072589,1670216772072592,1670216772072595,1670216772072598,1670216772072601,1670216772072604,1670216772072607,1670216772072611,1670216772072614,1670216772072617,1670216772072620,1670216772072623,1670216772072626,1670216772072629,1670216772072636,1670216772072640,1670216772072644,1670216772075770,1670216772075791,1670216772075796,1670216772075800,1670216772075803,1670216772075806,1670216772075809,1670216772075812,1670216772075815,1670216772075819,1670216772075823,1670216772075826,1670216772075847,1670216772075851,1670216772075854,1670216772075857,1670216772075860,1670216772075865,1670216772075868,1670216772075871,1670216772075875,1670216772075878,1670216772075881,1670216772075884,1670216772075887,1670216772075890,1670216772075893,1670216772075901,1670216772075905,1670216772075908,1670216772075911,1670216772075914,1670216772075917,1670216772075920,1670216772075923,1670216772075926,1670216772075929,1670216772075933,1670216772075936,1670216772075938,1670216772075941,1670216772075945,1670216772075953,1670216772075957,1670216772075960,1670216772075963,1670216772075966,1670216772075969,1670216772075972,1670216772075976,1670216772075979,1670216772079106,1670216772079127,1670216772079133,1670216772079136,1670216772079139,1670216772079142,1670216772079163,1670216772079166,1670216772079170,1670216772079173,1670216772079177,1670216772079180,1670216772079183,1670216772079186,1670216772079189,1670216772079192,1670216772079195,1670216772079199,1670216772079202,1670216772079205,1670216772079208,1670216772079216,1670216772079219,1670216772079222,1670216772079225,1670216772079228,1670216772079231,1670216772079234,1670216772079237,1670216772079240,1670216772079243,1670216772079246,1670216772079249,1670216772079253,1670216772079256,1670216772079260,1670216772079267,1670216772079271,1670216772079274,1670216772079277,1670216772079281,1670216772079285,1670216772079288,1670216772079290,1670216772079293,1670216772079295,1670216772079298,1670216772079301,1670216772079304,1670216772079307,1670216772079311,1670216772079321,1670216772079323,1670216772079326,1670216772079329,1670216772079332,1670216772079335,1670216772079338,1670216772079342,1670216772079345,1670216772079348,1670216772079351,1670216772079354,1670216772079357,1670216772079360,1670216772079363,1670216772079371,1670216772079375,1670216772082457,1670216772082473,1670216772082478,1670216772082482,1670216772082485,1670216772082489,1670216772082492,1670216772082501,1670216772082505,1670216772082509,1670216772082512,1670216772082515,1670216772082526,1670216772082547,1670216772082551,1670216772082554,1670216772082557,1670216772082560,1670216772082564,1670216772082567,1670216772082571,1670216772082574,1670216772082577,1670216772082580,1670216772082583,1670216772082586,1670216772082590,1670216772082594,1670216772082603,1670216772082606,1670216772082609,1670216772082612,1670216772082615,1670216772082618,1670216772082622,1670216772082625,1670216772082628,1670216772082631,1670216772082634,1670216772082637,1670216772082640,1670216772082644,1670216772082647,1670216772082655,1670216772082658,1670216772082662,1670216772082666,1670216772082669,1670216772082672,1670216772082675,1670216772082679,1670216772085761,1670216772085777,1670216772085787,1670216772085792,1670216772085795,1670216772085798,1670216772085801,1670216772085825,1670216772085828,1670216772085832,1670216772085835,1670216772085838,1670216772085841,1670216772085844,1670216772085848,1670216772085851,1670216772085854,1670216772085857,1670216772085861,1670216772085864,1670216772085867,1670216772085870,1670216772085879,1670216772085883,1670216772085886,1670216772085889,1670216772085892,1670216772085895,1670216772085898,1670216772085901,1670216772085904,1670216772085907,1670216772085910,1670216772085914,1670216772085917,1670216772085921,1670216772085924,1670216772085931,1670216772085935,1670216772085938,1670216772085941,1670216772085944,1670216772085947,1670216772085950,1670216772085953,1670216772085957,1670216772085960,1670216772085963,1670216772085966,1670216772085969,1670216772085972,1670216772089106,1670216772089138,1670216772089143,1670216772089147,1670216772089151,1670216772089154,1670216772089157,1670216772089160,1670216772089163,1670216772089166,1670216772089169,1670216772089173,1670216772089176,1670216772089180,1670216772089183,1670216772089186,1670216772089194,1670216772089198,1670216772089201,1670216772089204,1670216772089207,1670216772089210,1670216772089213,1670216772089216,1670216772089219,1670216772089222,1670216772089225,1670216772089229,1670216772089232,1670216772089235,1670216772089238,1670216772089250,1670216772089253,1670216772089256,1670216772089259,1670216772089262,1670216772089266,1670216772089269,1670216772089272,1670216772089275,1670216772089278,1670216772089281,1670216772089284,1670216772089287,1670216772089290,1670216772089293,1670216772089312,1670216772089315,1670216772089318,1670216772089338,1670216772089341,1670216772089344,1670216772089347,1670216772089350,1670216772089353,1670216772089356,1670216772089359,1670216772089362,1670216772089365,1670216772089369,1670216772089372,1670216772089480,1670216772089483,1670216772089486,1670216772089489,1670216772089492,1670216772089495,1670216772089499,1670216772092623,1670216772092643,1670216772092648,1670216772092652,1670216772092655,1670216772092658,1670216772092661,1670216772092665,1670216772092685,1670216772092689,1670216772092692,1670216772092696,1670216772092699,1670216772092702,1670216772092706,1670216772092709,1670216772092712,1670216772092715,1670216772092718,1670216772092722,1670216772092725,1670216772092728,1670216772092731,1670216772092747,1670216772092750,1670216772092753,1670216772092756,1670216772092759,1670216772092762,1670216772092765,1670216772092769,1670216772092772,1670216772092775,1670216772092778,1670216772092781,1670216772092785,1670216772092788,1670216772092791,1670216772092799,1670216772092802,1670216772092805,1670216772092808,1670216772092811,1670216772092815,1670216772092819,1670216772092822,1670216772092825,1670216772092829,1670216772092832,1670216772092835,1670216772092838,1670216772095970,1670216772095990,1670216772096012,1670216772096017,1670216772096020,1670216772096023,1670216772096026,1670216772096029,1670216772096032,1670216772096036,1670216772096039,1670216772096042,1670216772096045,1670216772096048,1670216772096052,1670216772096055,1670216772096058,1670216772096087,1670216772096092,1670216772096095,1670216772096098,1670216772096101,1670216772096104,1670216772096107,1670216772096110,1670216772096113,1670216772096116,1670216772096119,1670216772096123,1670216772096126,1670216772096129,1670216772096132,1670216772096139,1670216772096143,1670216772096146,1670216772096151,1670216772096154,1670216772096157,1670216772096160,1670216772096163,1670216772096166,1670216772096169,1670216772096172,1670216772096176,1670216772096179,1670216772096182,1670216772096185,1670216772096193,1670216772096196,1670216772096199,1670216772096203,1670216772096206,1670216772096209,1670216772096212,1670216772096216,1670216772096219,1670216772096222,1670216772096225,1670216772096228,1670216772096231,1670216772096235,1670216772096238,1670216772096245,1670216772096249,1670216772096252,1670216772096255,1670216772096259,1670216772096262,1670216772099387,1670216772099408,1670216772099413,1670216772099416,1670216772099420,1670216772099423,1670216772099426,1670216772099429,1670216772099432,1670216772099460,1670216772099463,1670216772099466,1670216772099470,1670216772099473,1670216772099476,1670216772099479,1670216772099482,1670216772099485,1670216772099489,1670216772099493,1670216772099496,1670216772099499,1670216772099502,1670216772099505,1670216772099513,1670216772099516,1670216772099519,1670216772099522,1670216772099525,1670216772099528,1670216772099531,1670216772099535,1670216772099538,1670216772099541,1670216772099545,1670216772099548,1670216772099551,1670216772099554,1670216772099557,1670216772099564,1670216772099568,1670216772099571,1670216772099574,1670216772099577,1670216772099580,1670216772099583,1670216772099586,1670216772099589,1670216772099592,1670216772099596,1670216772099599,1670216772102681,1670216772102698,1670216772102703,1670216772102723,1670216772102727,1670216772102730,1670216772102733,1670216772102736,1670216772102739,1670216772102742,1670216772102746,1670216772102749,1670216772102752,1670216772102755,1670216772102758,1670216772102761,1670216772102764,1670216772102768,1670216772102780,1670216772102782,1670216772102785,1670216772102788,1670216772102791,1670216772102794,1670216772102797,1670216772102800,1670216772102804,1670216772102807,1670216772102810,1670216772102813,1670216772102816,1670216772102819,1670216772102822,1670216772102830,1670216772102834,1670216772102838,1670216772102842,1670216772102845,1670216772102848,1670216772102851,1670216772102854,1670216772102857,1670216772102860,1670216772102863,1670216772102867,1670216772102870,1670216772102873,1670216772102876,1670216772102895,1670216772102899,1670216772102903,1670216772105986,1670216772106006,1670216772106012,1670216772106015,1670216772106018,1670216772106022,1670216772106025,1670216772106028,1670216772106031,1670216772106034,1670216772106037,1670216772106040,1670216772106060,1670216772106064,1670216772106067,1670216772106070,1670216772106073,1670216772106076,1670216772106079,1670216772106082,1670216772106086,1670216772106089,1670216772106092,1670216772106095,1670216772106098,1670216772106101,1670216772106104,1670216772106111,1670216772106115,1670216772106118,1670216772106121,1670216772106124,1670216772106127,1670216772106130,1670216772106133,1670216772106137,1670216772106140,1670216772106143,1670216772106146,1670216772106149,1670216772106152,1670216772106155,1670216772106162,1670216772106166,1670216772106169,1670216772106173,1670216772106176,1670216772106179,1670216772106182,1670216772106185,1670216772106188,1670216772106191,1670216772106194,1670216772106198,1670216772106201,1670216772106204,1670216772106207,1670216772106214,1670216772106217,1670216772106221,1670216772106224,1670216772106227,1670216772106230,1670216772106233,1670216772106236,1670216772106239,1670216772106243,1670216772106246,1670216772109378,1670216772109398,1670216772109404,1670216772109407,1670216772109427,1670216772109431,1670216772109433,1670216772109437,1670216772109440,1670216772109443,1670216772109446,1670216772109450,1670216772109453,1670216772109456,1670216772109459,1670216772109462,1670216772109465,1670216772109468,1670216772109472,1670216772109479,1670216772109482,1670216772109486,1670216772109489,1670216772109491,1670216772109494,1670216772109497,1670216772109501,1670216772109504,1670216772109507,1670216772109510,1670216772109513,1670216772109516,1670216772109519,1670216772109522,1670216772109529,1670216772109533,1670216772109536,1670216772109539,1670216772109542,1670216772109545,1670216772109548,1670216772109552,1670216772109555,1670216772109558,1670216772109562,1670216772109565,1670216772109568,1670216772109571,1670216772109574,1670216772109620,1670216772109624,1670216772112749,1670216772112769,1670216772112774,1670216772112777,1670216772112780,1670216772112783,1670216772112786,1670216772112790,1670216772112793,1670216772112796,1670216772112800,1670216772112803,1670216772112806,1670216772112828,1670216772112832,1670216772112835,1670216772112838,1670216772112842,1670216772112845,1670216772112848,1670216772112851,1670216772112854,1670216772112857,1670216772112860,1670216772112863,1670216772112867,1670216772112870,1670216772112873,1670216772112881,1670216772112885,1670216772112888,1670216772112891,1670216772112894,1670216772112897,1670216772112900,1670216772112903,1670216772112906,1670216772112909,1670216772112912,1670216772112915,1670216772112918,1670216772112922,1670216772112925,1670216772112931,1670216772112935,1670216772112938,1670216772112941,1670216772112944,1670216772112947,1670216772112950,1670216772112954,1670216772116086,1670216772116106,1670216772116111,1670216772116115,1670216772116118,1670216772116121,1670216772116124,1670216772116143,1670216772116147,1670216772116150,1670216772116154,1670216772116157,1670216772116160,1670216772116163,1670216772116166,1670216772116169,1670216772116173,1670216772116176,1670216772116180,1670216772116183,1670216772116186,1670216772116189,1670216772116196,1670216772116200,1670216772116203,1670216772116206,1670216772116209,1670216772116212,1670216772116215,1670216772116218,1670216772116221,1670216772116224,1670216772116227,1670216772116231,1670216772116234,1670216772116238,1670216772116241,1670216772116247,1670216772116250,1670216772116253,1670216772116257,1670216772116260,1670216772116263,1670216772116266,1670216772116269,1670216772116273,1670216772116276,1670216772116279,1670216772116282,1670216772116285,1670216772116288,1670216772116292,1670216772116299,1670216772116302,1670216772116305,1670216772116309,1670216772116312,1670216772116315,1670216772116318,1670216772116322,1670216772116325,1670216772116328,1670216772116331,1670216772116335,1670216772116338,1670216772116341,1670216772116344,1670216772116353,1670216772120237,1670216772120264,1670216772120269,1670216772120273,1670216772120276,1670216772120279,1670216772120282,1670216772120285,1670216772120288,1670216772120292,1670216772120295,1670216772120298,1670216772120301,1670216772120304,1670216772120327,1670216772120331,1670216772120334,1670216772120337,1670216772120340,1670216772120343,1670216772120346,1670216772120349,1670216772120352,1670216772120355,1670216772120359,1670216772120362,1670216772120365,1670216772120368,1670216772120371,1670216772120380,1670216772120383,1670216772120386,1670216772120389,1670216772120392,1670216772120396,1670216772120399,1670216772120402,1670216772120405,1670216772120408,1670216772120411,1670216772120414,1670216772120417,1670216772120421,1670216772120424,1670216772120431,1670216772120434,1670216772120437,1670216772120440,1670216772120443,1670216772120446,1670216772120449,1670216772120453,1670216772120456,1670216772120459,1670216772120462,1670216772120465,1670216772120468,1670216772120471,1670216772120475,1670216772120482,1670216772120485,1670216772120488,1670216772120491,1670216772120494,1670216772120497,1670216772120500,1670216772120504,1670216772120507,1670216772123633,1670216772123653,1670216772123659,1670216772123662,1670216772123665,1670216772123668,1670216772123688,1670216772123691,1670216772123694,1670216772123698,1670216772123701,1670216772123704,1670216772123707,1670216772123710,1670216772123713,1670216772123716,1670216772123720,1670216772123724,1670216772123727,1670216772123730,1670216772123733,1670216772123741,1670216772123744,1670216772123747,1670216772123750,1670216772123753,1670216772123756,1670216772123759,1670216772123763,1670216772123765,1670216772123807,1670216772123810,1670216772123814,1670216772123817,1670216772123833,1670216772123835,1670216772123843,1670216772123846,1670216772123849,1670216772123852,1670216772123855,1670216772123859,1670216772123862,1670216772123865,1670216772123868,1670216772123871,1670216772123874,1670216772123877,1670216772123880,1670216772123883,1670216772123887,1670216772127020,1670216772127040,1670216772127051,1670216772127053,1670216772127057,1670216772127060,1670216772127063,1670216772127066,1670216772127070,1670216772127073,1670216772127076,1670216772127079,1670216772127082,1670216772127085,1670216772127088,1670216772127111,1670216772127114,1670216772127118,1670216772127121,1670216772127124,1670216772127127,1670216772127130,1670216772127133,1670216772127136,1670216772127140,1670216772127143,1670216772127146,1670216772127149,1670216772127152,1670216772127155,1670216772127163,1670216772127167,1670216772127170,1670216772127174,1670216772127177,1670216772127180,1670216772127183,1670216772127186,1670216772127189,1670216772127193,1670216772127196,1670216772127200,1670216772127203,1670216772127206,1670216772127209,1670216772127217,1670216772127220,1670216772127224,1670216772127227,1670216772127230,1670216772127233,1670216772127236,1670216772127240,1670216772127243,1670216772127246,1670216772127250,1670216772127253,1670216772127256,1670216772127259,1670216772127262,1670216772127269,1670216772127272,1670216772127276,1670216772127279,1670216772127283,1670216772127286,1670216772127289,1670216772127292,1670216772130375,1670216772130391,1670216772130396,1670216772130400,1670216772130403,1670216772130406,1670216772130409,1670216772130434,1670216772130439,1670216772130442,1670216772130445,1670216772130448,1670216772130451,1670216772130454,1670216772130458,1670216772130461,1670216772130464,1670216772130468,1670216772130471,1670216772130474,1670216772130477,1670216772130480,1670216772130488,1670216772130491,1670216772130494,1670216772130497,1670216772130500,1670216772130503,1670216772130506,1670216772130509,1670216772130513,1670216772130516,1670216772130519,1670216772130522,1670216772130525,1670216772130528,1670216772130531,1670216772130538,1670216772130542,1670216772130545,1670216772130548,1670216772130551,1670216772130554,1670216772130557,1670216772130560,1670216772130563,1670216772130567,1670216772130570,1670216772130573,1670216772130576,1670216772130579,1670216772133661,1670216772133697,1670216772133703,1670216772133706,1670216772133709,1670216772133712,1670216772133716,1670216772133719,1670216772133722,1670216772133725,1670216772133728,1670216772133732,1670216772133735,1670216772133738,1670216772133741,1670216772133744,1670216772133753,1670216772133756,1670216772133759,1670216772133762,1670216772133765,1670216772133768,1670216772133772,1670216772133775,1670216772133778,1670216772133781,1670216772133784,1670216772133787,1670216772133790,1670216772133793,1670216772133796,1670216772133803,1670216772133817,1670216772133821,1670216772133824,1670216772133828,1670216772133831,1670216772133834,1670216772133838,1670216772133842,1670216772133845,1670216772133848,1670216772133851,1670216772133854,1670216772133857,1670216772133860,1670216772133868,1670216772133871,1670216772133874,1670216772133877,1670216772133880,1670216772137005,1670216772137024,1670216772137029,1670216772137033,1670216772137036,1670216772137039,1670216772137042,1670216772137046,1670216772137049,1670216772137052,1670216772137087,1670216772137091,1670216772137094,1670216772137097,1670216772137115,1670216772137119,1670216772137122,1670216772137125,1670216772137128,1670216772137132,1670216772137135,1670216772137138,1670216772137142,1670216772137145,1670216772137148,1670216772137156,1670216772137159,1670216772137162,1670216772137165,1670216772137168,1670216772137172,1670216772137175,1670216772137178,1670216772137181,1670216772137184,1670216772137187,1670216772137190,1670216772137193,1670216772137197,1670216772137200,1670216772137207,1670216772137211,1670216772137214,1670216772137217,1670216772137220,1670216772137223,1670216772137227,1670216772137230,1670216772137252,1670216772137255,1670216772137258,1670216772137261,1670216772137265,1670216772137268,1670216772137271,1670216772137278,1670216772137281,1670216772137284,1670216772137287,1670216772137290,1670216772137294,1670216772137297,1670216772137314,1670216772137317,1670216772137320,1670216772137323,1670216772137326,1670216772137329,1670216772140454,1670216772140470,1670216772140497,1670216772140501,1670216772140503,1670216772140507,1670216772140509,1670216772140512,1670216772140515,1670216772140519,1670216772140522,1670216772140525,1670216772140529,1670216772140532,1670216772140535,1670216772140538,1670216772140541,1670216772140573,1670216772140576,1670216772140580,1670216772140583,1670216772140586,1670216772140589,1670216772140592,1670216772140595,1670216772140598,1670216772140602,1670216772140605,1670216772140608,1670216772140612,1670216772140615,1670216772140618,1670216772140625,1670216772140629,1670216772140632,1670216772140635,1670216772140638,1670216772140641,1670216772140644,1670216772140647,1670216772140650,1670216772140654,1670216772140657,1670216772140660,1670216772140663,1670216772140666,1670216772140669,1670216772140675,1670216772140679,1670216772140682,1670216772140686,1670216772143811,1670216772143832,1670216772143837,1670216772143841,1670216772143844,1670216772143847,1670216772143850,1670216772143853,1670216772143856,1670216772143860,1670216772143863,1670216772143883,1670216772143886,1670216772143889,1670216772143892,1670216772143895,1670216772143899,1670216772143903,1670216772143906,1670216772143909,1670216772143912,1670216772143915,1670216772143918,1670216772143921,1670216772143925,1670216772143928,1670216772143935,1670216772143939,1670216772143942,1670216772143945,1670216772143948,1670216772143951,1670216772143955,1670216772143958,1670216772143961,1670216772143964,1670216772143967,1670216772143971,1670216772143974,1670216772143977,1670216772143980,1670216772143987,1670216772143990,1670216772143993,1670216772143996,1670216772143999,1670216772144002,1670216772144005,1670216772144009,1670216772144013,1670216772144016,1670216772147146,1670216772147163,1670216772147168,1670216772147171,1670216772147175,1670216772147200,1670216772147203,1670216772147206,1670216772147209,1670216772147213,1670216772147217,1670216772147220,1670216772147223,1670216772147226,1670216772147229,1670216772147233,1670216772147236,1670216772147239,1670216772147242,1670216772147245,1670216772147252,1670216772147255,1670216772147258,1670216772147261,1670216772147264,1670216772147268,1670216772147271,1670216772147274,1670216772147277,1670216772147280,1670216772147283,1670216772147286,1670216772147290,1670216772147293,1670216772147296,1670216772147303,1670216772147307,1670216772147309,1670216772147313,1670216772147316,1670216772147319,1670216772147322,1670216772147325,1670216772147328,1670216772147332,1670216772147335,1670216772147338,1670216772147341,1670216772147344,1670216772147348,1670216772147354,1670216772147359,1670216772147362,1670216772147366,1670216772147369,1670216772147372,1670216772147375,1670216772147379,1670216772147383,1670216772147386,1670216772147389,1670216772147392,1670216772147395,1670216772147398,1670216772147401,1670216772147407,1670216772147430,1670216772147434,1670216772150505,1670216772150513,1670216772150516,1670216772150519,1670216772150523,1670216772150526,1670216772150530,1670216772150533,1670216772150537,1670216772150541,1670216772150544,1670216772150547,1670216772150557,1670216772150561,1670216772150564,1670216772150568,1670216772150577,1670216772150580,1670216772150583,1670216772150586,1670216772150589,1670216772150593,1670216772150596,1670216772150599,1670216772150602,1670216772150605,1670216772150608,1670216772150614,1670216772150618,1670216772150622,1670216772150625,1670216772150628,1670216772150631,1670216772150634,1670216772150637,1670216772150640,1670216772150643,1670216772150647,1670216772150650,1670216772150654,1670216772150657,1670216772150660,1670216772150666,1670216772150669,1670216772150673,1670216772150676,1670216772150680,1670216772150683,1670216772150686,1670216772150689,1670216772150692,1670216772153771,1670216772153788,1670216772153792,1670216772153796,1670216772153799,1670216772153802,1670216772153819,1670216772153822,1670216772153825,1670216772153828,1670216772153832,1670216772153835,1670216772153838,1670216772153841,1670216772153844,1670216772153847,1670216772153850,1670216772153854,1670216772153857,1670216772153860,1670216772153863,1670216772153870,1670216772153874,1670216772153877,1670216772153880,1670216772153883,1670216772153886,1670216772153890,1670216772153893,1670216772153896,1670216772153899,1670216772153902,1670216772153906,1670216772153909,1670216772153912,1670216772153915,1670216772153922,1670216772153925,1670216772153929,1670216772153932,1670216772153935,1670216772153939,1670216772153942,1670216772153945,1670216772153948,1670216772153951,1670216772153955,1670216772153958,1670216772153961,1670216772153964,1670216772153967,1670216772157102,1670216772157118,1670216772157122,1670216772157126,1670216772157129,1670216772157132,1670216772157135,1670216772157138,1670216772157141,1670216772157144,1670216772157148,1670216772157151,1670216772157154,1670216772157157,1670216772157160,1670216772157177,1670216772157181,1670216772157184,1670216772157188,1670216772157191,1670216772157194,1670216772157197,1670216772157200,1670216772157203,1670216772157207,1670216772157210,1670216772157214,1670216772157217,1670216772157220,1670216772157222,1670216772157230,1670216772157234,1670216772157237,1670216772157240,1670216772157278,1670216772157308,1670216772157313,1670216772157317,1670216772157320,1670216772157336,1670216772157338,1670216772157341,1670216772157344,1670216772157347,1670216772157350,1670216772157358,1670216772157361,1670216772157364,1670216772157367,1670216772157371,1670216772157374,1670216772157377,1670216772157380,1670216772157383,1670216772157386,1670216772157389,1670216772157392,1670216772157396,1670216772157399,1670216772157402,1670216772157408,1670216772157412,1670216772157415,1670216772157418,1670216772157422,1670216772157425,1670216772157428,1670216772157431,1670216772160567,1670216772160583,1670216772160588,1670216772160592,1670216772160595,1670216772160598,1670216772160601,1670216772160618,1670216772160622,1670216772160626,1670216772160629,1670216772160632,1670216772160636,1670216772160639,1670216772160642,1670216772160645,1670216772160648,1670216772160652,1670216772160655,1670216772160658,1670216772160661,1670216772160664,1670216772160672,1670216772160675,1670216772160678,1670216772160682,1670216772160685,1670216772160688,1670216772160691,1670216772160695,1670216772160696,1670216772160699,1670216772160702,1670216772160705,1670216772160709,1670216772160712,1670216772160715,1670216772160721,1670216772160726,1670216772160729,1670216772160732,1670216772160735,1670216772160738,1670216772160742,1670216772160745,1670216772160748,1670216772160751,1670216772160754,1670216772160757,1670216772160760,1670216772160764,1670216772163888,1670216772163922,1670216772163929,1670216772163932,1670216772163935,1670216772163938,1670216772163941,1670216772163944,1670216772163947,1670216772163950,1670216772163954,1670216772163958,1670216772163961,1670216772163964,1670216772163967,1670216772163970,1670216772163977,1670216772163980,1670216772163984,1670216772163987,1670216772163990,1670216772163993,1670216772163996,1670216772163999,1670216772164002,1670216772164005,1670216772164009,1670216772164012,1670216772164015,1670216772164019,1670216772164022,1670216772164028,1670216772164031,1670216772164034,1670216772164037,1670216772164040,1670216772164043,1670216772164046,1670216772164050,1670216772164053,1670216772164056,1670216772164059,1670216772164062,1670216772164066,1670216772164069,1670216772164072,1670216772164078,1670216772164081,1670216772164084,1670216772164087,1670216772164091,1670216772164094,1670216772164097,1670216772164100,1670216772164103,1670216772164106,1670216772164109,1670216772164113,1670216772164116,1670216772164119,1670216772167245,1670216772167278,1670216772167284,1670216772167287,1670216772167296,1670216772167300,1670216772167303,1670216772167306,1670216772167309,1670216772167313,1670216772167316,1670216772167319,1670216772167322,1670216772167325,1670216772167328,1670216772167331,1670216772167339,1670216772167344,1670216772167347,1670216772167350,1670216772167353,1670216772167356,1670216772167359,1670216772167362,1670216772167365,1670216772167369,1670216772167372,1670216772167375,1670216772167378,1670216772167381,1670216772167384,1670216772167390,1670216772167393,1670216772167396,1670216772167400,1670216772167403,1670216772167406,1670216772167409,1670216772167412,1670216772167415,1670216772167418,1670216772167422,1670216772167425,1670216772167428,1670216772167431,1670216772167434,1670216772167440,1670216772167443,1670216772167446,1670216772167450,1670216772167453,1670216772167456,1670216772167459,1670216772167462,1670216772167465,1670216772167469,1670216772167472,1670216772167475,1670216772167479,1670216772170552,1670216772170573,1670216772170591,1670216772170595,1670216772170598,1670216772170601,1670216772170604,1670216772170607,1670216772170610,1670216772170613,1670216772170616,1670216772170619,1670216772170622,1670216772170625,1670216772170629,1670216772170632,1670216772170635,1670216772170642,1670216772170645,1670216772170648,1670216772170651,1670216772170654,1670216772170657,1670216772170661,1670216772170664,1670216772170667,1670216772170670,1670216772170673,1670216772170676,1670216772170679,1670216772170682,1670216772170685,1670216772170692,1670216772170696,1670216772170699,1670216772170702,1670216772170705,1670216772170708,1670216772170712,1670216772170715,1670216772170718,1670216772170721,1670216772170724,1670216772170727,1670216772170730,1670216772170733,1670216772170737,1670216772170743,1670216772170748,1670216772170752,1670216772170755,1670216772173836,1670216772173852,1670216772173857,1670216772173860,1670216772173863,1670216772173866,1670216772173869,1670216772173872,1670216772173876,1670216772173878,1670216772173881,1670216772173899,1670216772173902,1670216772173905,1670216772173908,1670216772173912,1670216772173915,1670216772173918,1670216772173921,1670216772173924,1670216772173927,1670216772173930,1670216772173933,1670216772173936,1670216772173939,1670216772173942,1670216772173954,1670216772173957,1670216772173960,1670216772173962,1670216772173965,1670216772173969,1670216772173972,1670216772173975,1670216772173978,1670216772173981,1670216772173984,1670216772173988,1670216772173991,1670216772173994,1670216772173997,1670216772174004,1670216772174007,1670216772174011,1670216772174014,1670216772174016,1670216772174019,1670216772174023,1670216772174026,1670216772174029,1670216772174032,1670216772177161,1670216772177176,1670216772177181,1670216772177184,1670216772177187,1670216772177204,1670216772177207,1670216772177210,1670216772177213,1670216772177217,1670216772177220,1670216772177223,1670216772177226,1670216772177229,1670216772177232,1670216772177236,1670216772177239,1670216772177242,1670216772177245,1670216772177248,1670216772177255,1670216772177258,1670216772177261,1670216772177264,1670216772177267,1670216772177270,1670216772177273,1670216772177277,1670216772177280,1670216772177283,1670216772177286,1670216772177289,1670216772177292,1670216772177295,1670216772177299,1670216772177318,1670216772177321,1670216772177336,1670216772177337,1670216772177472,1670216772177487,1670216772177492,1670216772177497,1670216772177501,1670216772177505,1670216772177510,1670216772177515,1670216772177519,1670216772177524,1670216772177528,1670216772177540,1670216772177545,1670216772177549,1670216772177554,1670216772177558,1670216772177563,1670216772177567,1670216772177572,1670216772177577,1670216772177581,1670216772177586,1670216772177590,1670216772177595,1670216772177599,1670216772177604,1670216772177613,1670216772177617,1670216772177622,1670216772180750,1670216772180777,1670216772180783,1670216772180788,1670216772180792,1670216772180796,1670216772180801,1670216772180806,1670216772180810,1670216772180815,1670216772180819,1670216772180823,1670216772180844,1670216772180849,1670216772180853,1670216772180858,1670216772180863,1670216772180867,1670216772180872,1670216772180876,1670216772180881,1670216772180885,1670216772180889,1670216772180894,1670216772180898,1670216772180903,1670216772180908,1670216772180916,1670216772180921,1670216772180926,1670216772180931,1670216772180936,1670216772180940,1670216772180945,1670216772180950,1670216772180954,1670216772180959,1670216772180963,1670216772180968,1670216772180973,1670216772180977,1670216772180982,1670216772180989,1670216772180994,1670216772180999,1670216772181015,1670216772181019,1670216772181024,1670216772181030,1670216772181034,1670216772181039,1670216772184167,1670216772184195,1670216772184202,1670216772184207,1670216772184212,1670216772184216,1670216772184237,1670216772184242,1670216772184247,1670216772184252,1670216772184257,1670216772184261,1670216772184266,1670216772184270,1670216772184275,1670216772184279,1670216772184284,1670216772184289,1670216772184293,1670216772184298,1670216772184302,1670216772184310,1670216772184315,1670216772184319,1670216772184324,1670216772184328,1670216772184333,1670216772184337,1670216772184341,1670216772184346,1670216772184350,1670216772184355,1670216772184359,1670216772184364,1670216772184405,1670216772184408,1670216772184415,1670216772184418,1670216772184422,1670216772184424,1670216772184428,1670216772184431,1670216772184433,1670216772184436,1670216772184439,1670216772184442,1670216772184446,1670216772184449,1670216772184452,1670216772184454,1670216772184457,1670216772184464,1670216772184467,1670216772184469,1670216772184473,1670216772184476,1670216772184479,1670216772184482,1670216772184485,1670216772184487,1670216772184490,1670216772184493,1670216772184497,1670216772184500,1670216772184503,1670216772184505,1670216772184512,1670216772184516,1670216772187652,1670216772187671,1670216772187676,1670216772187680,1670216772187682,1670216772187686,1670216772187688,1670216772187691,1670216772187694,1670216772187697,1670216772187700,1670216772187703,1670216772187706,1670216772187725,1670216772187728,1670216772187730,1670216772187734,1670216772187737,1670216772187739,1670216772187742,1670216772187745,1670216772187748,1670216772187751,1670216772187755,1670216772187757,1670216772187760,1670216772187763,1670216772187766,1670216772187773,1670216772187776,1670216772187779,1670216772187782,1670216772187785,1670216772187788,1670216772187790,1670216772187793,1670216772187796,1670216772187800,1670216772187803,1670216772187805,1670216772187808,1670216772187811,1670216772187814,1670216772187819,1670216772187822,1670216772187826,1670216772187829,1670216772187831,1670216772187834,1670216772187837,1670216772187840,1670216772190965,1670216772190984,1670216772190990,1670216772190993,1670216772190996,1670216772190999,1670216772191002,1670216772191019,1670216772191023,1670216772191026,1670216772191029,1670216772191032,1670216772191035,1670216772191039,1670216772191042,1670216772191045,1670216772191048,1670216772191051,1670216772191053,1670216772191056,1670216772191059,1670216772191062,1670216772191069,1670216772191073,1670216772191076,1670216772191079,1670216772191081,1670216772191084,1670216772191087,1670216772191090,1670216772191093,1670216772191096,1670216772191099,1670216772191102,1670216772191105,1670216772191108,1670216772191110,1670216772191119,1670216772191121,1670216772191124,1670216772191127,1670216772191130,1670216772191133,1670216772191136,1670216772191138,1670216772191142,1670216772191145,1670216772191148,1670216772191151,1670216772191154,1670216772191157,1670216772191159,1670216772191165,1670216772191169,1670216772191171,1670216772191174,1670216772191177,1670216772191180,1670216772191183,1670216772191186,1670216772191188,1670216772191192,1670216772191195,1670216772191197,1670216772191201,1670216772191204,1670216772191207,1670216772191212,1670216772194293,1670216772194313,1670216772194319,1670216772194322,1670216772194325,1670216772194328,1670216772194330,1670216772194333,1670216772194336,1670216772194339,1670216772194342,1670216772194345,1670216772194349,1670216772194351,1670216772194371,1670216772194374,1670216772194377,1670216772194380,1670216772194383,1670216772194386,1670216772194389,1670216772194392,1670216772194395,1670216772194398,1670216772194401,1670216772194404,1670216772194406,1670216772194410,1670216772194413,1670216772194419,1670216772194423,1670216772194426,1670216772194428,1670216772194431,1670216772194434,1670216772194437,1670216772194440,1670216772194443,1670216772194446,1670216772194449,1670216772194451,1670216772194454,1670216772194457,1670216772194460,1670216772194466,1670216772194469,1670216772194472,1670216772194475,1670216772194478,1670216772194481,1670216772194484,1670216772197564,1670216772197579,1670216772197583,1670216772197587,1670216772197590,1670216772197594,1670216772197596,1670216772197599,1670216772197617,1670216772197621,1670216772197624,1670216772197627,1670216772197631,1670216772197634,1670216772197636,1670216772197640,1670216772197643,1670216772197645,1670216772197648,1670216772197651,1670216772197654,1670216772197657,1670216772197660,1670216772197666,1670216772197669,1670216772197672,1670216772197675,1670216772197678,1670216772197681,1670216772197684,1670216772197687,1670216772197690,1670216772197693,1670216772197696,1670216772197698,1670216772197701,1670216772197705,1670216772197707,1670216772197719,1670216772197722,1670216772197725,1670216772197728,1670216772197731,1670216772197734,1670216772197737,1670216772197740,1670216772197743,1670216772197746,1670216772197749,1670216772197752,1670216772197754,1670216772200879,1670216772200893,1670216772200912,1670216772200915,1670216772200918,1670216772200921,1670216772200924,1670216772200927,1670216772200930,1670216772200933,1670216772200936,1670216772200939,1670216772200942,1670216772200945,1670216772200948,1670216772200951,1670216772200954,1670216772200961,1670216772200965,1670216772200968,1670216772200971,1670216772200973,1670216772200977,1670216772200980,1670216772200983,1670216772200986,1670216772200989,1670216772200991,1670216772200994,1670216772200997,1670216772201000,1670216772201004,1670216772201015,1670216772201017,1670216772201021,1670216772201023,1670216772201026,1670216772201029,1670216772201032,1670216772201035,1670216772201037,1670216772201040,1670216772201043,1670216772201046,1670216772201049,1670216772201051,1670216772201055,1670216772201061,1670216772201065,1670216772201068,1670216772201071,1670216772201073,1670216772201076,1670216772201079,1670216772204204,1670216772204219,1670216772204223,1670216772204227,1670216772204231,1670216772204233,1670216772204236,1670216772204239,1670216772204257,1670216772204260,1670216772204263,1670216772204266,1670216772204269,1670216772204272,1670216772204275,1670216772204278,1670216772204281,1670216772204284,1670216772204287,1670216772204290,1670216772204293,1670216772204296,1670216772204299,1670216772204306,1670216772204310,1670216772204313,1670216772204316,1670216772204318,1670216772204322,1670216772204325,1670216772204328,1670216772204331,1670216772204333,1670216772204336,1670216772204339,1670216772204342,1670216772204345,1670216772204348,1670216772204355,1670216772204358,1670216772204360,1670216772204363,1670216772204366,1670216772204369,1670216772204371,1670216772204374,1670216772204377,1670216772204380,1670216772204383,1670216772204386,1670216772204389,1670216772204391,1670216772204395,1670216772204401,1670216772204406,1670216772204408,1670216772204411,1670216772204414,1670216772204417,1670216772204420,1670216772204423,1670216772204425,1670216772204428,1670216772204431,1670216772204434,1670216772207563,1670216772207578,1670216772207582,1670216772207600,1670216772207604,1670216772207607,1670216772207610,1670216772207612,1670216772207615,1670216772207618,1670216772207621,1670216772207624,1670216772207627,1670216772207630,1670216772207632,1670216772207636,1670216772207639,1670216772207641,1670216772207648,1670216772207651,1670216772207654,1670216772207657,1670216772207660,1670216772207663,1670216772207666,1670216772207669,1670216772207672,1670216772207675,1670216772207678,1670216772207681,1670216772207684,1670216772207700,1670216772207703,1670216772207710,1670216772207714,1670216772207717,1670216772207720,1670216772207723,1670216772207726,1670216772207729,1670216772207732,1670216772207735,1670216772207737,1670216772207740,1670216772207743,1670216772207747,1670216772207750,1670216772207753,1670216772207759,1670216772207762,1670216772207765,1670216772210889,1670216772210909,1670216772210914,1670216772210917,1670216772210920,1670216772210923,1670216772210926,1670216772210929,1670216772210932,1670216772210935,1670216772210938,1670216772210941,1670216772210958,1670216772210961,1670216772210964,1670216772210967,1670216772210970,1670216772210973,1670216772210976,1670216772210978,1670216772210981,1670216772210984,1670216772210987,1670216772210990,1670216772210993,1670216772210996,1670216772210999,1670216772211006,1670216772211009,1670216772211012,1670216772211015,1670216772211018,1670216772211021,1670216772211024,1670216772211027,1670216772211030,1670216772211032,1670216772211036,1670216772211039,1670216772211042,1670216772211045,1670216772211048,1670216772211054,1670216772211057,1670216772211059,1670216772211063,1670216772211066,1670216772211069,1670216772211072,1670216772211075,1670216772211077,1670216772211080,1670216772211083,1670216772211087,1670216772211089,1670216772211092,1670216772211095,1670216772214179,1670216772214195,1670216772214199,1670216772214203,1670216772214205,1670216772214208,1670216772214211,1670216772214214,1670216772214218,1670216772214220,1670216772214224,1670216772214227,1670216772214230,1670216772214232,1670216772214235,1670216772214252,1670216772214256,1670216772214258,1670216772214261,1670216772214264,1670216772214267,1670216772214269,1670216772214272,1670216772214275,1670216772214278,1670216772214281,1670216772214284,1670216772214287,1670216772214290,1670216772214293,1670216772214299,1670216772214303,1670216772214306,1670216772214309,1670216772214312,1670216772214315,1670216772214318,1670216772214321,1670216772214324,1670216772214327,1670216772214330,1670216772214333,1670216772214348,1670216772214351,1670216772214354,1670216772214363,1670216772214366,1670216772214369,1670216772214373,1670216772214375,1670216772214378,1670216772214381,1670216772214384,1670216772214387,1670216772214390,1670216772214392,1670216772214396,1670216772214399,1670216772214402,1670216772214405,1670216772214416,1670216772214419,1670216772217500,1670216772217516,1670216772217521,1670216772217524,1670216772217527,1670216772217530,1670216772217533,1670216772217536,1670216772217539,1670216772217542,1670216772217545,1670216772217548,1670216772217550,1670216772217567,1670216772217571,1670216772217574,1670216772217577,1670216772217580,1670216772217583,1670216772217586,1670216772217588,1670216772217591,1670216772217595,1670216772217597,1670216772217601,1670216772217604,1670216772217607,1670216772217609,1670216772217616,1670216772217619,1670216772217622,1670216772217625,1670216772217628,1670216772217631,1670216772217634,1670216772217637,1670216772217640,1670216772217643,1670216772217646,1670216772217649,1670216772217652,1670216772217655,1670216772217657,1670216772217663,1670216772217666,1670216772217669,1670216772217672,1670216772217675,1670216772217678,1670216772217681,1670216772217684,1670216772220756,1670216772220770,1670216772220775,1670216772220778,1670216772220781,1670216772220784,1670216772220787,1670216772220805,1670216772220808,1670216772220811,1670216772220814,1670216772220816,1670216772220819,1670216772220823,1670216772220826,1670216772220829,1670216772220832,1670216772220834,1670216772220837,1670216772220840,1670216772220843,1670216772220846,1670216772220853,1670216772220856,1670216772220859,1670216772220861,1670216772220864,1670216772220867,1670216772220870,1670216772220873,1670216772220876,1670216772220879,1670216772220882,1670216772220885,1670216772220888,1670216772220891,1670216772220893,1670216772220899,1670216772220903,1670216772220906,1670216772220908,1670216772220911,1670216772220914,1670216772220917,1670216772220920,1670216772220923,1670216772220926,1670216772220929,1670216772220932,1670216772220935,1670216772220938,1670216772224397,1670216772224437,1670216772224443,1670216772224446,1670216772224449,1670216772224452,1670216772224455,1670216772224458,1670216772224461,1670216772224464,1670216772224467,1670216772224470,1670216772224473,1670216772224476,1670216772224479,1670216772224482,1670216772224489,1670216772224492,1670216772224495,1670216772224498,1670216772224501,1670216772224504,1670216772224507,1670216772224510,1670216772224512,1670216772224515,1670216772224518,1670216772224521,1670216772224524,1670216772224527,1670216772224530,1670216772224536,1670216772224539,1670216772224542,1670216772224545,1670216772224548,1670216772224551,1670216772224553,1670216772224556,1670216772224559,1670216772224562,1670216772224565,1670216772224568,1670216772224571,1670216772224573,1670216772224576,1670216772224582,1670216772224586,1670216772224589,1670216772224592,1670216772224594,1670216772224597,1670216772224600,1670216772224603,1670216772224606,1670216772224608,1670216772224611,1670216772224615,1670216772224618,1670216772224620,1670216772224623,1670216772224629,1670216772224632,1670216772224635,1670216772224638,1670216772224641,1670216772224644,1670216772224647,1670216772227772,1670216772227792,1670216772227794,1670216772227799,1670216772227802,1670216772227805,1670216772227808,1670216772227810,1670216772227827,1670216772227830,1670216772227833,1670216772227836,1670216772227839,1670216772227842,1670216772227845,1670216772227848,1670216772227850,1670216772227854,1670216772227857,1670216772227860,1670216772227864,1670216772227866,1670216772227869,1670216772227876,1670216772227879,1670216772227883,1670216772227886,1670216772227889,1670216772227892,1670216772227894,1670216772227897,1670216772227900,1670216772227903,1670216772227906,1670216772227909,1670216772227912,1670216772227915,1670216772227918,1670216772227924,1670216772227927,1670216772227930,1670216772227933,1670216772227936,1670216772227939,1670216772227942,1670216772227945,1670216772227947,1670216772227950,1670216772227953,1670216772227957,1670216772227960,1670216772231083,1670216772231103,1670216772231122,1670216772231125,1670216772231128,1670216772231131,1670216772231134,1670216772231136,1670216772231139,1670216772231143,1670216772231146,1670216772231149,1670216772231152,1670216772231155,1670216772231158,1670216772231160,1670216772231163,1670216772231171,1670216772231174,1670216772231177,1670216772231179,1670216772231182,1670216772231185,1670216772231188,1670216772231191,1670216772231194,1670216772231197,1670216772231200,1670216772231203,1670216772231206,1670216772231209,1670216772231211,1670216772231218,1670216772231221,1670216772231224,1670216772231227,1670216772231230,1670216772231233,1670216772231235,1670216772231238,1670216772231241,1670216772231244,1670216772231247,1670216772231250,1670216772231253,1670216772231256,1670216772231259,1670216772231265,1670216772231268,1670216772231271,1670216772231274,1670216772231277,1670216772231280,1670216772231283,1670216772231286,1670216772231289,1670216772231291,1670216772231295,1670216772231298,1670216772231301,1670216772231304,1670216772231307,1670216772231313,1670216772231316,1670216772231319,1670216772231323,1670216772231326,1670216772231329,1670216772234410,1670216772234431,1670216772234434,1670216772234437,1670216772234441,1670216772234444,1670216772234447,1670216772234450,1670216772234452,1670216772234475,1670216772234478,1670216772234481,1670216772234484,1670216772234487,1670216772234490,1670216772234492,1670216772234495,1670216772234499,1670216772234502,1670216772234505,1670216772234508,1670216772234511,1670216772234513,1670216772234516,1670216772234524,1670216772234527,1670216772234530,1670216772234533,1670216772234536,1670216772234539,1670216772234542,1670216772234544,1670216772234547,1670216772234551,1670216772234554,1670216772234557,1670216772234560,1670216772234562,1670216772234565,1670216772234572,1670216772234575,1670216772234579,1670216772234582,1670216772234585,1670216772234588,1670216772234591,1670216772234594,1670216772234597,1670216772234599,1670216772234603,1670216772234606,1670216772237686,1670216772237707,1670216772237713,1670216772237730,1670216772237734,1670216772237737,1670216772237739,1670216772237742,1670216772237745,1670216772237749,1670216772237752,1670216772237755,1670216772237758,1670216772237761,1670216772237764,1670216772237767,1670216772237769,1670216772237772,1670216772237779,1670216772237782,1670216772237785,1670216772237788,1670216772237791,1670216772237793,1670216772237796,1670216772237800,1670216772237803,1670216772237806,1670216772237808,1670216772237811,1670216772237814,1670216772237817,1670216772237820,1670216772237826,1670216772237830,1670216772237833,1670216772237836,1670216772237838,1670216772237841,1670216772237844,1670216772237847,1670216772237851,1670216772237854,1670216772237856,1670216772237859,1670216772237862,1670216772237865,1670216772237868,1670216772237874,1670216772237877,1670216772237880,1670216772241003,1670216772241018,1670216772241022,1670216772241025,1670216772241028,1670216772241031,1670216772241033,1670216772241036,1670216772241039,1670216772241042,1670216772241045,1670216772241048,1670216772241071,1670216772241073,1670216772241077,1670216772241080,1670216772241083,1670216772241085,1670216772241088,1670216772241092,1670216772241095,1670216772241097,1670216772241101,1670216772241103,1670216772241106,1670216772241109,1670216772241112,1670216772241119,1670216772241123,1670216772241126,1670216772241129,1670216772241131,1670216772241134,1670216772241137,1670216772241140,1670216772241143,1670216772241146,1670216772241149,1670216772241152,1670216772241155,1670216772241158,1670216772241161,1670216772241167,1670216772241170,1670216772241173,1670216772241176,1670216772241179,1670216772241182,1670216772241185,1670216772241188,1670216772241191,1670216772241194,1670216772241197,1670216772241200,1670216772241203,1670216772241205,1670216772241208,1670216772241214,1670216772241217,1670216772241220,1670216772241223,1670216772241226,1670216772241229,1670216772241232,1670216772241234,1670216772241237,1670216772241240,1670216772241243,1670216772244368,1670216772244388,1670216772244394,1670216772244397,1670216772244414,1670216772244417,1670216772244420,1670216772244423,1670216772244426,1670216772244428,1670216772244432,1670216772244435,1670216772244438,1670216772244441,1670216772244444,1670216772244447,1670216772244450,1670216772244453,1670216772244457,1670216772244464,1670216772244467,1670216772244470,1670216772244473,1670216772244476,1670216772244479,1670216772244481,1670216772244485,1670216772244488,1670216772244491,1670216772244494,1670216772244497,1670216772244500,1670216772244503,1670216772244505,1670216772244518,1670216772244521,1670216772244524,1670216772244527,1670216772244530,1670216772244532,1670216772244535,1670216772244538,1670216772244541,1670216772244544,1670216772244547,1670216772244550,1670216772244553,1670216772244556,1670216772244558,1670216772244564,1670216772244568,1670216772247700,1670216772247720,1670216772247725,1670216772247728,1670216772247731,1670216772247734,1670216772247737,1670216772247740,1670216772247743,1670216772247745,1670216772247749,1670216772247752,1670216772247755,1670216772247774,1670216772247778,1670216772247781,1670216772247784,1670216772247787,1670216772247790,1670216772247793,1670216772247796,1670216772247799,1670216772247802,1670216772247805,1670216772247807,1670216772247811,1670216772247813,1670216772247816,1670216772247823,1670216772247827,1670216772247829,1670216772247832,1670216772247835,1670216772247839,1670216772247841,1670216772247844,1670216772247847,1670216772247850,1670216772247853,1670216772247856,1670216772247858,1670216772247862,1670216772247864,1670216772247870,1670216772247873,1670216772247876,1670216772247879,1670216772247882,1670216772247884,1670216772247888,1670216772247891,1670216772251019,1670216772251033,1670216772251038,1670216772251041,1670216772251044,1670216772251047,1670216772251050,1670216772251067,1670216772251072,1670216772251075,1670216772251079,1670216772251082,1670216772251085,1670216772251088,1670216772251091,1670216772251094,1670216772251096,1670216772251099,1670216772251103,1670216772251106,1670216772251109,1670216772251112,1670216772251119,1670216772251122,1670216772251125,1670216772251128,1670216772251131,1670216772251135,1670216772251138,1670216772251141,1670216772251144,1670216772251146,1670216772251149,1670216772251152,1670216772251155,1670216772251158,1670216772251161,1670216772251168,1670216772251172,1670216772251175,1670216772251177,1670216772251180,1670216772251184,1670216772251186,1670216772251189,1670216772251192,1670216772251203,1670216772251204,1670216772251208,1670216772251211,1670216772251214,1670216772251217,1670216772251223,1670216772251227,1670216772251230,1670216772251233,1670216772251236,1670216772251239,1670216772251241,1670216772251245,1670216772251247,1670216772251250,1670216772251253,1670216772251256,1670216772251259,1670216772251261,1670216772251264,1670216772251270,1670216772254351,1670216772254371,1670216772254377,1670216772254380,1670216772254383,1670216772254385,1670216772254388,1670216772254391,1670216772254394,1670216772254397,1670216772254400,1670216772254403,1670216772254406,1670216772254409,1670216772254429,1670216772254433,1670216772254436,1670216772254439,1670216772254442,1670216772254445,1670216772254448,1670216772254451,1670216772254453,1670216772254456,1670216772254459,1670216772254462,1670216772254465,1670216772254468,1670216772254471,1670216772254478,1670216772254481,1670216772254484,1670216772254487,1670216772254490,1670216772254493,1670216772254496,1670216772254499,1670216772254502,1670216772254505,1670216772254508,1670216772254511,1670216772254514,1670216772254517,1670216772254520,1670216772254526,1670216772254529,1670216772254532,1670216772254535,1670216772254537,1670216772254541,1670216772254544,1670216772257624,1670216772257644,1670216772257650,1670216772257653,1670216772257656,1670216772257659,1670216772257661,1670216772257664,1670216772257684,1670216772257687,1670216772257696,1670216772257699,1670216772257702,1670216772257705,1670216772257708,1670216772257711,1670216772257715,1670216772257718,1670216772257721,1670216772257724,1670216772257727,1670216772257729,1670216772257732,1670216772257741,1670216772257743,1670216772257746,1670216772257749,1670216772257752,1670216772257755,1670216772257758,1670216772257760,1670216772257763,1670216772257766,1670216772257769,1670216772257772,1670216772257775,1670216772257778,1670216772257780,1670216772257786,1670216772257790,1670216772257793,1670216772257796,1670216772257799,1670216772257802,1670216772257805,1670216772257808,1670216772257811,1670216772257814,1670216772257817,1670216772257820,1670216772257823,1670216772260946,1670216772260960,1670216772260978,1670216772260982,1670216772260985,1670216772260988,1670216772260990,1670216772260993,1670216772260996,1670216772260999,1670216772261003,1670216772261005,1670216772261009,1670216772261012,1670216772261015,1670216772261017,1670216772261020,1670216772261028,1670216772261031,1670216772261034,1670216772261037,1670216772261040,1670216772261042,1670216772261045,1670216772261048,1670216772261051,1670216772261054,1670216772261057,1670216772261060,1670216772261063,1670216772261066,1670216772261069,1670216772261075,1670216772261080,1670216772261083,1670216772261086,1670216772261089,1670216772261092,1670216772261095,1670216772261097,1670216772261100,1670216772261103,1670216772261106,1670216772261109,1670216772261112,1670216772261115,1670216772261117,1670216772261124,1670216772261126,1670216772261129,1670216772261131,1670216772261135,1670216772261138,1670216772261140,1670216772261143,1670216772261146,1670216772261149,1670216772261151,1670216772261154,1670216772261157,1670216772261160,1670216772261163,1670216772261169,1670216772261172,1670216772261175,1670216772261178,1670216772261181,1670216772261184,1670216772264308,1670216772264327,1670216772264333,1670216772264337,1670216772264340,1670216772264342,1670216772264345,1670216772264348,1670216772264351,1670216772264368,1670216772264372,1670216772264374,1670216772264377,1670216772264380,1670216772264383,1670216772264386,1670216772264389,1670216772264391,1670216772264395,1670216772264398,1670216772264401,1670216772264404,1670216772264406,1670216772264409,1670216772264416,1670216772264419,1670216772264423,1670216772264426,1670216772264429,1670216772264432,1670216772264435,1670216772264438,1670216772264440,1670216772264443,1670216772264447,1670216772264450,1670216772264454,1670216772264456,1670216772264459,1670216772264465,1670216772264468,1670216772264471,1670216772264474,1670216772264477,1670216772264480,1670216772264483,1670216772264486,1670216772264489,1670216772264491,1670216772264494,1670216772264498,1670216772267627,1670216772267646,1670216772267652,1670216772267669,1670216772267673,1670216772267676,1670216772267679,1670216772267681,1670216772267684,1670216772267687,1670216772267691,1670216772267694,1670216772267697,1670216772267700,1670216772267703,1670216772267706,1670216772267708,1670216772267711,1670216772267718,1670216772267722,1670216772267724,1670216772267727,1670216772267730,1670216772267733,1670216772267736,1670216772267738,1670216772267742,1670216772267745,1670216772267748,1670216772267751,1670216772267754,1670216772267756,1670216772267759,1670216772267765,1670216772267769,1670216772267772,1670216772267786,1670216772267790,1670216772267793,1670216772267797,1670216772267800,1670216772267803,1670216772267806,1670216772267809,1670216772267812,1670216772267815,1670216772267818,1670216772267821,1670216772267827,1670216772267830,1670216772267833,1670216772270905,1670216772270920,1670216772270924,1670216772270928,1670216772270931,1670216772270933,1670216772270936,1670216772270939,1670216772270942,1670216772270945,1670216772270948,1670216772270951,1670216772270973,1670216772270977,1670216772270979,1670216772270983,1670216772270985,1670216772270988,1670216772270991,1670216772270994,1670216772270996,1670216772270999,1670216772271002,1670216772271006,1670216772271009,1670216772271012,1670216772271015,1670216772271021,1670216772271025,1670216772271027,1670216772271030,1670216772271034,1670216772271037,1670216772271040,1670216772271043,1670216772271046,1670216772271049,1670216772271052,1670216772271054,1670216772271058,1670216772271060,1670216772271063,1670216772271069,1670216772271072,1670216772271075,1670216772271078,1670216772271081,1670216772271084,1670216772271087,1670216772271090,1670216772271093,1670216772271096,1670216772271099,1670216772271101,1670216772271104,1670216772271108,1670216772271110,1670216772271116,1670216772271119,1670216772271122,1670216772271125,1670216772271128,1670216772274208,1670216772274228,1670216772274233,1670216772274237,1670216772274240,1670216772274243,1670216772274246,1670216772274249,1670216772274252,1670216772274255,1670216772274272,1670216772274275,1670216772274279,1670216772274282,1670216772274284,1670216772274287,1670216772274290,1670216772274293,1670216772274296,1670216772274298,1670216772274302,1670216772274306,1670216772274309,1670216772274311,1670216772274314,1670216772274321,1670216772274324,1670216772274327,1670216772274330,1670216772274333,1670216772274336,1670216772274339,1670216772274342,1670216772274344,1670216772274347,1670216772274350,1670216772274353,1670216772274356,1670216772274359,1670216772274361,1670216772274367,1670216772274370,1670216772274373,1670216772274376,1670216772274379,1670216772274383,1670216772274386,1670216772274389,1670216772274391,1670216772274394,1670216772274397,1670216772274400,1670216772274403,1670216772274407,1670216772274410,1670216772274416,1670216772274419,1670216772277499,1670216772277519,1670216772277524,1670216772277527,1670216772277530,1670216772277533,1670216772277537,1670216772277539,1670216772277543,1670216772277545,1670216772277548,1670216772277551,1670216772277554,1670216772277574,1670216772277577,1670216772277580,1670216772277583,1670216772277586,1670216772277589,1670216772277591,1670216772277594,1670216772277598,1670216772277600,1670216772277603,1670216772277607,1670216772277609,1670216772277612,1670216772277615,1670216772277621,1670216772277625,1670216772277628,1670216772277631,1670216772277634,1670216772277636,1670216772277639,1670216772277642,1670216772277645,1670216772277648,1670216772277651,1670216772277654,1670216772277657,1670216772277659,1670216772277662,1670216772277668,1670216772277671,1670216772277674,1670216772277677,1670216772277680,1670216772277683,1670216772277686,1670216772277689,1670216772280811,1670216772280826,1670216772280831,1670216772280834,1670216772280837,1670216772280840,1670216772280843,1670216772280860,1670216772280864,1670216772280867,1670216772280870,1670216772280873,1670216772280876,1670216772280879,1670216772280888,1670216772280891,1670216772280894,1670216772280897,1670216772280900,1670216772280903,1670216772280906,1670216772280908,1670216772280916,1670216772280920,1670216772280922,1670216772280925,1670216772280928,1670216772280931,1670216772280934,1670216772280937,1670216772280939,1670216772280943,1670216772280946,1670216772280949,1670216772280952,1670216772280954,1670216772280957,1670216772280963,1670216772280966,1670216772280969,1670216772280972,1670216772280975,1670216772280978,1670216772280981,1670216772280984,1670216772280987,1670216772280989,1670216772280993,1670216772280995,1670216772280998,1670216772281001,1670216772284124,1670216772284156,1670216772284161,1670216772284164,1670216772284167,1670216772284170,1670216772284173,1670216772284176,1670216772284179,1670216772284182,1670216772284185,1670216772284188,1670216772284191,1670216772284193,1670216772284196,1670216772284200,1670216772284207,1670216772284209,1670216772284212,1670216772284215,1670216772284218,1670216772284221,1670216772284223,1670216772284226,1670216772284230,1670216772284233,1670216772284236,1670216772284239,1670216772284242,1670216772284244,1670216772284247,1670216772284253,1670216772284256,1670216772284259,1670216772284262,1670216772284265,1670216772284267,1670216772284270,1670216772284273,1670216772284276,1670216772284279,1670216772284282,1670216772284285,1670216772284288,1670216772284291,1670216772284293,1670216772284299,1670216772284302,1670216772284306,1670216772284308,1670216772284311,1670216772284314,1670216772284316,1670216772284320,1670216772284322,1670216772284325,1670216772284328,1670216772284331,1670216772284334,1670216772284337,1670216772284340,1670216772284345,1670216772284348,1670216772284351,1670216772284354,1670216772284357,1670216772284360,1670216772284363,1670216772287488,1670216772287507,1670216772287513,1670216772287517,1670216772287520,1670216772287522,1670216772287525,1670216772287528,1670216772287545,1670216772287548,1670216772287551,1670216772287554,1670216772287557,1670216772287560,1670216772287563,1670216772287566,1670216772287569,1670216772287571,1670216772287574,1670216772287577,1670216772287580,1670216772287583,1670216772287585,1670216772287592,1670216772287595,1670216772287598,1670216772287601,1670216772287604,1670216772287607,1670216772287609,1670216772287612,1670216772287616,1670216772287619,1670216772287622,1670216772287625,1670216772287628,1670216772287630,1670216772287633,1670216772287639,1670216772287643,1670216772287646,1670216772287649,1670216772287652,1670216772287655,1670216772287657,1670216772287660,1670216772287663,1670216772287666,1670216772287669,1670216772287672,1670216772287675,1670216772290753,1670216772290768,1670216772290787,1670216772290790,1670216772290793,1670216772290796,1670216772290799,1670216772290801,1670216772290804,1670216772290807,1670216772290810,1670216772290813,1670216772290816,1670216772290819,1670216772290823,1670216772290825,1670216772290828,1670216772290835,1670216772290839,1670216772290842,1670216772290845,1670216772290847,1670216772290851,1670216772290853,1670216772290856,1670216772290859,1670216772290862,1670216772290865,1670216772290868,1670216772290870,1670216772290874,1670216772290877,1670216772290882,1670216772290885,1670216772290888,1670216772290891,1670216772290894,1670216772290897,1670216772290900,1670216772290903,1670216772290912,1670216772290915,1670216772290918,1670216772290921,1670216772290923,1670216772290926,1670216772290929,1670216772290936,1670216772290939,1670216772290941,1670216772290944,1670216772294025,1670216772294045,1670216772294050,1670216772294054,1670216772294057,1670216772294059,1670216772294063,1670216772294066,1670216772294069,1670216772294072,1670216772294075,1670216772294092,1670216772294095,1670216772294098,1670216772294101,1670216772294104,1670216772294107,1670216772294110,1670216772294113,1670216772294116,1670216772294119,1670216772294121,1670216772294125,1670216772294128,1670216772294131,1670216772294133,1670216772294140,1670216772294142,1670216772294145,1670216772294148,1670216772294151,1670216772294154,1670216772294157,1670216772294160,1670216772294163,1670216772294165,1670216772294168,1670216772294171,1670216772294175,1670216772294178,1670216772294181,1670216772294186,1670216772294189,1670216772294192,1670216772294195,1670216772294198,1670216772294201,1670216772294204,1670216772294207,1670216772294210,1670216772294213,1670216772294216,1670216772294219,1670216772294221,1670216772294225,1670216772294228,1670216772294235,1670216772294238,1670216772294241,1670216772294244,1670216772294247,1670216772294250,1670216772294253,1670216772294256,1670216772294259,1670216772294262,1670216772294265,1670216772294268,1670216772297378,1670216772297393,1670216772297397,1670216772297415,1670216772297418,1670216772297421,1670216772297424,1670216772297427,1670216772297430,1670216772297433,1670216772297436,1670216772297439,1670216772297442,1670216772297445,1670216772297447,1670216772297451,1670216772297453,1670216772297456,1670216772297463,1670216772297467,1670216772297469,1670216772297472,1670216772297475,1670216772297478,1670216772297481,1670216772297484,1670216772297487,1670216772297490,1670216772297493,1670216772297495,1670216772297498,1670216772297502,1670216772297504,1670216772297510,1670216772297514,1670216772297517,1670216772297520,1670216772297523,1670216772297525,1670216772297528,1670216772297532,1670216772297534,1670216772297537,1670216772297540,1670216772297543,1670216772297546,1670216772297548,1670216772297552,1670216772297558,1670216772297561,1670216772297564,1670216772300689,1670216772300703,1670216772300707,1670216772300710,1670216772300713,1670216772300716,1670216772300719,1670216772300722,1670216772300725,1670216772300729,1670216772300731,1670216772300734,1670216772300752,1670216772300756,1670216772300759,1670216772300762,1670216772300764,1670216772300768,1670216772300771,1670216772300774,1670216772300776,1670216772300779,1670216772300782,1670216772300785,1670216772300788,1670216772300791,1670216772300794,1670216772300801,1670216772300804,1670216772300807,1670216772300810,1670216772300813,1670216772300816,1670216772300819,1670216772300822,1670216772300825,1670216772300828,1670216772300830,1670216772300833,1670216772300836,1670216772300839,1670216772300842,1670216772300849,1670216772300854,1670216772300857,1670216772300859,1670216772300862,1670216772300865,1670216772300868,1670216772300877,1670216772300879,1670216772304002,1670216772304023,1670216772304029,1670216772304032,1670216772304035,1670216772304037,1670216772304054,1670216772304058,1670216772304060,1670216772304064,1670216772304067,1670216772304070,1670216772304073,1670216772304076,1670216772304078,1670216772304081,1670216772304091,1670216772304094,1670216772304097,1670216772304099,1670216772304102,1670216772304108,1670216772304111,1670216772304114,1670216772304117,1670216772304119,1670216772304122,1670216772304125,1670216772304128,1670216772304131,1670216772304133,1670216772304136,1670216772304139,1670216772304142,1670216772304145,1670216772304148,1670216772304154,1670216772304157,1670216772304160,1670216772304162,1670216772304165,1670216772304169,1670216772304171,1670216772304174,1670216772304177,1670216772304180,1670216772304183,1670216772304186,1670216772304188,1670216772304192,1670216772304194,1670216772304200,1670216772304203,1670216772304206,1670216772304209,1670216772304212,1670216772304214,1670216772304217,1670216772304220,1670216772304224,1670216772304226,1670216772304229,1670216772304232,1670216772304235,1670216772304238,1670216772304241,1670216772304250,1670216772304252,1670216772307376,1670216772307396,1670216772307402,1670216772307405,1670216772307408,1670216772307411,1670216772307414,1670216772307416,1670216772307433,1670216772307434,1670216772307438,1670216772307441,1670216772307444,1670216772307463,1670216772307467,1670216772307469,1670216772307473,1670216772307475,1670216772307478,1670216772307481,1670216772307484,1670216772307487,1670216772307490,1670216772307493,1670216772307496,1670216772307499,1670216772307502,1670216772307505,1670216772307512,1670216772307515,1670216772307518,1670216772307520,1670216772307523,1670216772307526,1670216772307529,1670216772307532,1670216772307535,1670216772307537,1670216772307540,1670216772307543,1670216772307547,1670216772307550,1670216772307553,1670216772307559,1670216772307562,1670216772307565,1670216772307568,1670216772307571,1670216772307574,1670216772307577,1670216772307580,1670216772310660,1670216772310680,1670216772310686,1670216772310689,1670216772310692,1670216772310694,1670216772310697,1670216772310717,1670216772310721,1670216772310724,1670216772310727,1670216772310730,1670216772310733,1670216772310735,1670216772310738,1670216772310742,1670216772310745,1670216772310748,1670216772310751,1670216772310754,1670216772310757,1670216772310760,1670216772310767,1670216772310771,1670216772310774,1670216772310776,1670216772310780,1670216772310782,1670216772310785,1670216772310788,1670216772310791,1670216772310794,1670216772310798,1670216772310801,1670216772310804,1670216772310807,1670216772310809,1670216772310815,1670216772310818,1670216772310822,1670216772310825,1670216772310827,1670216772310830,1670216772310833,1670216772310836,1670216772310839,1670216772310842,1670216772310846,1670216772310849,1670216772310852,1670216772310855,1670216772313935,1670216772313968,1670216772313974,1670216772313977,1670216772313980,1670216772313983,1670216772313986,1670216772313989,1670216772313992,1670216772313995,1670216772313998,1670216772314001,1670216772314004,1670216772314007,1670216772314010,1670216772314013,1670216772314021,1670216772314025,1670216772314028,1670216772314031,1670216772314034,1670216772314037,1670216772314039,1670216772314042,1670216772314045,1670216772314048,1670216772314051,1670216772314054,1670216772314057,1670216772314059,1670216772314062,1670216772314068,1670216772314072,1670216772314075,1670216772314078,1670216772314081,1670216772314083,1670216772314086,1670216772314089,1670216772314092,1670216772314095,1670216772314098,1670216772314107,1670216772314110,1670216772314113,1670216772314115,1670216772314122,1670216772314125,1670216772314128,1670216772314131,1670216772314133,1670216772314136,1670216772314139,1670216772314142,1670216772314144,1670216772314148,1670216772314151,1670216772314153,1670216772314156,1670216772314159,1670216772314162,1670216772314168,1670216772314171,1670216772314174,1670216772314177,1670216772314180,1670216772314183,1670216772314185,1670216772317319,1670216772317352,1670216772317357,1670216772317361,1670216772317364,1670216772317366,1670216772317370,1670216772317372,1670216772333222,1670216772333230,1670216772333231,1670216772333233,1670216772333233,1670216772333235,1670216772333236,1670216772333238,1670216772333239,1670216772333240,1670216772333241,1670216772333242,1670216772333244,1670216772333245,1670216772333246,1670216772333251,1670216772333254,1670216772333255,1670216772333257,1670216772333258,1670216772333259,1670216772333260,1670216772333261,1670216772333264,1670216772333265,1670216772333266,1670216772333267,1670216772333269,1670216772333271,1670216772333272,1670216772333275,1670216772333277,1670216772333278,1670216772333280,1670216772333280,1670216772333282,1670216772333283,1670216772333285,1670216772333286,1670216772333287,1670216772333288,1670216772333290,1670216772333292,1670216772333293,1670216772333294,1670216772333297,1670216772333304,1670216772333305,1670216772333306,1670216772333308,1670216772333308,1670216772333310,1670216772333311,1670216772333312,1670216772333313,1670216772333314,1670216772333315,1670216772333317,1670216772333318,1670216772333318,1670216772333321,1670216772333323,1670216772333324,1670216772333325,1670216772333326,1670216772333327,1670216772333328,1670216772333329,1670216772333330,1670216772333331,1670216772333332,1670216772333333,1670216772333335,1670216772333336,1670216772333338,1670216772333341,1670216772333342,1670216772333343,1670216772333344,1670216772333346,1670216772333346,1670216772333348,1670216772333349,1670216772333350,1670216772333351,1670216772333353,1670216772333354,1670216772333354,1670216772333356,1670216772333356,1670216772333359,1670216772333360,1670216772333362,1670216772333363,1670216772333364,1670216772333365,1670216772333367,1670216772333368,1670216772333369,1670216772333370,1670216772333372,1670216772333373,1670216772333374,1670216772333375,1670216772333376,1670216772333378,1670216772333380,1670216772333381,1670216772333383,1670216772333384,1670216772333385,1670216772333386,1670216772333387,1670216772333389,1670216772333389,1670216772333391,1670216772333392,1670216772333393,1670216772333394,1670216772333395,1670216772333398,1670216772333399,1670216772333400,1670216772333401,1670216772333403,1670216772333404,1670216772333405,1670216772333406,1670216772333408,1670216772333409,1670216772333410,1670216772333411,1670216772333413,1670216772333414,1670216772333416,1670216772333418,1670216772333422,1670216772333424,1670216772333425,1670216772333426,1670216772333427,1670216772333428,1670216772333429,1670216772333430,1670216772333432,1670216772333432,1670216772333433,1670216772333435,1670216772333436,1670216772333437,1670216772333440,1670216772333441,1670216772333442,1670216772333443,1670216772333444,1670216772333446,1670216772333447,1670216772333448,1670216772333449,1670216772333450,1670216772333451,1670216772333452,1670216772333453,1670216772333455,1670216772333456,1670216772333459,1670216772333461,1670216772333462,1670216772333463,1670216772333464,1670216772333465,1670216772333466,1670216772333467,1670216772333468,1670216772333469,1670216772333470,1670216772333471,1670216772333472,1670216772333474,1670216772333475,1670216772333478,1670216772333480,1670216772333481,1670216772333482,1670216772333484,1670216772333485,1670216772333486,1670216772333488,1670216772333488,1670216772333489,1670216772333491,1670216772333491,1670216772333494,1670216772333494,1670216772333496,1670216772333499,1670216772333501,1670216772333502,1670216772333504,1670216772333506,1670216772333507,1670216772333508,1670216772333510,1670216772333511,1670216772333513,1670216772333514,1670216772333514,1670216772333516,1670216772333518,1670216772333519,1670216772333522,1670216772333523,1670216772333524,1670216772333525,1670216772333527,1670216772333528,1670216772333530,1670216772333531,1670216772333532,1670216772333533,1670216772333535,1670216772333536,1670216772333537,1670216772333538,1670216772333540,1670216772333543,1670216772333544,1670216772333545,1670216772333546,1670216772333548,1670216772333548,1670216772333549,1670216772333551,1670216772333552,1670216772333554,1670216772333555,1670216772333556,1670216772333557,1670216772333559,1670216772333560,1670216772333562,1670216772333564,1670216772333565,1670216772333567,1670216772333568,1670216772333569,1670216772333570,1670216772333572,1670216772333572,1670216772333573,1670216772333575,1670216772333575,1670216772333576,1670216772333578,1670216772333579,1670216772333584,1670216772333586,1670216772333587,1670216772333589,1670216772333590,1670216772333591,1670216772333592,1670216772333594,1670216772333595,1670216772333596,1670216772333597,1670216772333599,1670216772333600,1670216772333601,1670216772333602,1670216772333605,1670216772333607,1670216772333608,1670216772333610,1670216772333612,1670216772333613,1670216772333615,1670216772333616,1670216772333617,1670216772333618,1670216772333620,1670216772333621,1670216772333622,1670216772333623,1670216772333625,1670216772333629,1670216772333631,1670216772333631,1670216772333634,1670216772333635,1670216772333636,1670216772333637,1670216772333638,1670216772333639,1670216772333640,1670216772333641,1670216772333642,1670216772333643,1670216772333645,1670216772333646,1670216772333648,1670216772333650,1670216772333651,1670216772333653,1670216772333654,1670216772333656,1670216772333657,1670216772333658,1670216772333659,1670216772333660,1670216772333662,1670216772333663,1670216772333666,1670216772333667,1670216772333668,1670216772336771,1670216772336788,1670216772336791,1670216772336792,1670216772336794,1670216772336795,1670216772336796,1670216772336797,1670216772336798,1670216772336799,1670216772336800,1670216772336801,1670216772336803,1670216772336805,1670216772336806,1670216772336814,1670216772336815,1670216772336816,1670216772336818,1670216772336819,1670216772336820,1670216772336821,1670216772336823,1670216772336824,1670216772336826,1670216772336827,1670216772336828,1670216772336830,1670216772336831,1670216772336833,1670216772336837,1670216772336839,1670216772336840,1670216772336841,1670216772336842,1670216772336844,1670216772336845,1670216772336846,1670216772336847,1670216772336849,1670216772336850,1670216772336851,1670216772336852,1670216772336854,1670216772336855,1670216772336857,1670216772336859,1670216772336860,1670216772336861,1670216772336862,1670216772336863,1670216772339966,1670216772339983,1670216772339986,1670216772339987,1670216772339989,1670216772339990,1670216772339991,1670216772339992,1670216772339994,1670216772340002,1670216772340004,1670216772340005,1670216772340007,1670216772340009,1670216772340010,1670216772340012,1670216772340013,1670216772340014,1670216772340015,1670216772340016,1670216772340018,1670216772340019,1670216772340020,1670216772340021,1670216772340025,1670216772340027,1670216772340028,1670216772340028,1670216772340030,1670216772340032,1670216772340033,1670216772340035,1670216772340035,1670216772340037,1670216772340038,1670216772340039,1670216772340040,1670216772340041,1670216772340043,1670216772340046,1670216772340047,1670216772340048,1670216772340049,1670216772340051,1670216772340052,1670216772340053,1670216772340057,1670216772340059,1670216772340060,1670216772340061,1670216772340063,1670216772340065,1670216772340065,1670216772340067,1670216772340070,1670216772340072,1670216772340073,1670216772340075,1670216772340076,1670216772340077,1670216772340078,1670216772340079,1670216772340080,1670216772340081,1670216772340082,1670216772340083,1670216772340084,1670216772340085,1670216772343192,1670216772343210,1670216772343213,1670216772343215,1670216772343217,1670216772343218,1670216772343220,1670216772343222,1670216772343225,1670216772343227,1670216772343229,1670216772343231,1670216772343233,1670216772343236,1670216772343238,1670216772343240,1670216772343245,1670216772343246,1670216772343248,1670216772343250,1670216772343252,1670216772343254,1670216772343256,1670216772343258,1670216772343261,1670216772343263,1670216772343265,1670216772343268,1670216772343270,1670216772343272,1670216772343275,1670216772343279,1670216772343280,1670216772343283,1670216772343285,1670216772343287,1670216772343289,1670216772343290,1670216772343292,1670216772343293,1670216772343295,1670216772343297,1670216772343300,1670216772343302,1670216772343305,1670216772343307,1670216772343311,1670216772343313,1670216772343315,1670216772343318,1670216772343320,1670216772346389,1670216772346399,1670216772346402,1670216772346404,1670216772346407,1670216772346410,1670216772346412,1670216772346414,1670216772346416,1670216772346419,1670216772346429,1670216772346432,1670216772346434,1670216772346436,1670216772346438,1670216772346440,1670216772346442,1670216772346444,1670216772346447,1670216772346449,1670216772346452,1670216772346454,1670216772346456,1670216772346459,1670216772346461,1670216772346466,1670216772346468,1670216772346471,1670216772346473,1670216772346475,1670216772346477,1670216772346478,1670216772346480,1670216772346481,1670216772346482,1670216772346483,1670216772346484,1670216772346485,1670216772346486,1670216772346487,1670216772346491,1670216772346493,1670216772346495,1670216772346498,1670216772346500,1670216772346502,1670216772346504,1670216772346507,1670216772346509,1670216772346511,1670216772346514,1670216772349583,1670216772349593,1670216772349595,1670216772349597,1670216772349609,1670216772349612,1670216772349614,1670216772349617,1670216772349619,1670216772349621,1670216772349624,1670216772349626,1670216772349629,1670216772349631,1670216772349640,1670216772349642,1670216772349644,1670216772349646,1670216772349649,1670216772349653,1670216772349655,1670216772349657,1670216772349660,1670216772349662,1670216772349664,1670216772349666,1670216772349669,1670216772349671,1670216772349672,1670216772349674,1670216772349676,1670216772349678,1670216772349681,1670216772349683,1670216772349687,1670216772349689,1670216772349691,1670216772349693,1670216772349696,1670216772349698,1670216772349701,1670216772349703,1670216772349705,1670216772349708,1670216772349710,1670216772349712,1670216772349714,1670216772349717,1670216772349719,1670216772349723,1670216772349725,1670216772352798,1670216772352810,1670216772352812,1670216772352814,1670216772352816,1670216772352818,1670216772352819,1670216772352821,1670216772352822,1670216772352824,1670216772352825,1670216772352826,1670216772352828,1670216772352840,1670216772352842,1670216772352843,1670216772352844,1670216772352845,1670216772352847,1670216772352848,1670216772352849,1670216772352850,1670216772352852,1670216772352853,1670216772352854,1670216772352856,1670216772352857,1670216772352858,1670216772352862,1670216772352863,1670216772352864,1670216772352866,1670216772352867,1670216772352868,1670216772352870,1670216772352871,1670216772352872,1670216772352873,1670216772352875,1670216772352876,1670216772352877,1670216772352879,1670216772352880,1670216772352883,1670216772352885,1670216772352886,1670216772352887,1670216772352888,1670216772352890,1670216772352891,1670216772352892,1670216772356014,1670216772356023,1670216772356026,1670216772356028,1670216772356030,1670216772356032,1670216772356034,1670216772356049,1670216772356051,1670216772356053,1670216772356055,1670216772356056,1670216772356058,1670216772356059,1670216772356061,1670216772356063,1670216772356064,1670216772356066,1670216772356068,1670216772356069,1670216772356071,1670216772356072,1670216772356077,1670216772356079,1670216772356080,1670216772356082,1670216772356083,1670216772356085,1670216772356086,1670216772356088,1670216772356090,1670216772356091,1670216772356093,1670216772356094,1670216772356096,1670216772356098,1670216772356099,1670216772356104,1670216772356105,1670216772356107,1670216772356109,1670216772356110,1670216772356112,1670216772356113,1670216772356115,1670216772356116,1670216772356118,1670216772356119,1670216772356121,1670216772356122,1670216772356124,1670216772356125,1670216772356142,1670216772356146,1670216772356148,1670216772356149,1670216772356151,1670216772356152,1670216772356154,1670216772356156,1670216772356157,1670216772356159,1670216772356160,1670216772356162,1670216772356163,1670216772356165,1670216772356166,1670216772356171,1670216772359313,1670216772359322,1670216772359324,1670216772359326,1670216772359327,1670216772359329,1670216772359331,1670216772359332,1670216772359334,1670216772359336,1670216772359337,1670216772359339,1670216772359341,1670216772359342,1670216772359357,1670216772359359,1670216772359361,1670216772359363,1670216772359364,1670216772359366,1670216772359367,1670216772359369,1670216772359370,1670216772359372,1670216772359374,1670216772359375,1670216772359377,1670216772359378,1670216772359380,1670216772359385,1670216772359387,1670216772359388,1670216772359390,1670216772359392,1670216772359393,1670216772359394,1670216772359396,1670216772359398,1670216772359399,1670216772359401,1670216772359402,1670216772359404,1670216772359405,1670216772359407,1670216772359418,1670216772359420,1670216772359422,1670216772359423,1670216772359425,1670216772359426,1670216772359428,1670216772362578,1670216772362587,1670216772362589,1670216772362591,1670216772362593,1670216772362594,1670216772362596,1670216772362598,1670216772362618,1670216772362620,1670216772362622,1670216772362623,1670216772362625,1670216772362627,1670216772362628,1670216772362630,1670216772362631,1670216772362633,1670216772362635,1670216772362636,1670216772362638,1670216772362639,1670216772362641,1670216772362646,1670216772362648,1670216772362650,1670216772362651,1670216772362653,1670216772362654,1670216772362656,1670216772362657,1670216772362659,1670216772362660,1670216772362662,1670216772362663,1670216772362665,1670216772362667,1670216772362668,1670216772362673,1670216772362675,1670216772362676,1670216772362678,1670216772362679,1670216772362681,1670216772362682,1670216772362684,1670216772362685,1670216772362687,1670216772362688,1670216772362690,1670216772362691,1670216772365771,1670216772365780,1670216772365796,1670216772365798,1670216772365799,1670216772365801,1670216772365803,1670216772365804,1670216772365806,1670216772365808,1670216772365809,1670216772365811,1670216772365813,1670216772365814,1670216772365816,1670216772365818,1670216772365819,1670216772365824,1670216772365826,1670216772365827,1670216772365829,1670216772365836,1670216772365837,1670216772365839,1670216772365840,1670216772365842,1670216772365844,1670216772365845,1670216772365847,1670216772365848,1670216772365850,1670216772365851,1670216772365856,1670216772365858,1670216772365860,1670216772365861,1670216772365863,1670216772365864,1670216772365866,1670216772365867,1670216772365869,1670216772365870,1670216772365872,1670216772365874,1670216772365875,1670216772365877,1670216772365878,1670216772365883,1670216772365884,1670216772365886,1670216772365888,1670216772369011,1670216772369020,1670216772369023,1670216772369025,1670216772369027,1670216772369029,1670216772369031,1670216772369033,1670216772369035,1670216772369036,1670216772369038,1670216772369053,1670216772369055,1670216772369057,1670216772369058,1670216772369060,1670216772369061,1670216772369063,1670216772369065,1670216772369066,1670216772369068,1670216772369069,1670216772369071,1670216772369072,1670216772369074,1670216772369076,1670216772369081,1670216772369082,1670216772369084,1670216772369086,1670216772369087,1670216772369089,1670216772369090,1670216772369092,1670216772369094,1670216772369095,1670216772369097,1670216772369098,1670216772369100,1670216772369101,1670216772369103,1670216772369108,1670216772369109,1670216772369111,1670216772369112,1670216772369114,1670216772369115,1670216772369117,1670216772369118,1670216772369120,1670216772369122,1670216772369123,1670216772369125,1670216772369126,1670216772369128,1670216772369129,1670216772369134,1670216772369136,1670216772369137,1670216772369139,1670216772369140,1670216772369142,1670216772369143,1670216772369145,1670216772369146,1670216772369148,1670216772369149,1670216772369151,1670216772372274,1670216772372283,1670216772372285,1670216772372300,1670216772372302,1670216772372304,1670216772372306,1670216772372307,1670216772372309,1670216772372310,1670216772372312,1670216772372314,1670216772372316,1670216772372317,1670216772372319,1670216772372321,1670216772372322,1670216772372324,1670216772372330,1670216772372331,1670216772372333,1670216772372335,1670216772372336,1670216772372338,1670216772372339,1670216772372341,1670216772372342,1670216772372344,1670216772372346,1670216772372347,1670216772372349,1670216772372350,1670216772372352,1670216772372357,1670216772372359,1670216772372360,1670216772372362,1670216772372363,1670216772372365,1670216772372366,1670216772372373,1670216772372375,1670216772372377,1670216772372378,1670216772372380,1670216772372382,1670216772372383,1670216772372385,1670216772372389,1670216772372391,1670216772372392,1670216772375515,1670216772375523,1670216772375525,1670216772375527,1670216772375529,1670216772375531,1670216772375532,1670216772375534,1670216772375536,1670216772375537,1670216772375539,1670216772375540,1670216772375556,1670216772375557,1670216772375559,1670216772375561,1670216772375563,1670216772375564,1670216772375566,1670216772375568,1670216772375569,1670216772375571,1670216772375572,1670216772375574,1670216772375576,1670216772375577,1670216772375579,1670216772375584,1670216772375585,1670216772375587,1670216772375589,1670216772375591,1670216772375592,1670216772375594,1670216772375595,1670216772375597,1670216772375598,1670216772375600,1670216772375601,1670216772375603,1670216772375604,1670216772375606,1670216772375610,1670216772375612,1670216772375613,1670216772375615,1670216772375617,1670216772375618,1670216772375620,1670216772375621,1670216772375623,1670216772378746,1670216772378755,1670216772378757,1670216772378759,1670216772378761,1670216772378762,1670216772378777,1670216772378779,1670216772378781,1670216772378783,1670216772378784,1670216772378786,1670216772378788,1670216772378789,1670216772378791,1670216772378793,1670216772378794,1670216772378796,1670216772378797,1670216772378799,1670216772378800,1670216772378806,1670216772378807,1670216772378809,1670216772378811,1670216772378812,1670216772378814,1670216772378815,1670216772378817,1670216772378818,1670216772378820,1670216772378821,1670216772378823,1670216772378825,1670216772378826,1670216772378828,1670216772378833,1670216772378834,1670216772378836,1670216772378838,1670216772378839,1670216772378840,1670216772378842,1670216772378844,1670216772378845,1670216772378847,1670216772378848,1670216772378850,1670216772378851,1670216772378853,1670216772378854,1670216772381937,1670216772381946,1670216772381948,1670216772381950,1670216772381951,1670216772381953,1670216772381954,1670216772381956,1670216772381958,1670216772381959,1670216772381961,1670216772381963,1670216772381965,1670216772381966,1670216772381968,1670216772381983,1670216772381985,1670216772381987,1670216772381989,1670216772381990,1670216772381992,1670216772381994,1670216772381995,1670216772381997,1670216772381998,1670216772382006,1670216772382007,1670216772382009,1670216772382010,1670216772382012,1670216772382017,1670216772382019,1670216772382020,1670216772382022,1670216772382023,1670216772382025,1670216772382026,1670216772382028,1670216772382029,1670216772382031,1670216772382032,1670216772382034,1670216772382036,1670216772382037,1670216772382039,1670216772382044,1670216772382045,1670216772382047,1670216772382048,1670216772382050,1670216772382052,1670216772382053,1670216772382055,1670216772382056,1670216772382058,1670216772382059,1670216772382061,1670216772382062,1670216772382064,1670216772385186,1670216772385207,1670216772385210,1670216772385212,1670216772385214,1670216772385216,1670216772385217,1670216772385219,1670216772385221,1670216772385222,1670216772385224,1670216772385226,1670216772385227,1670216772385229,1670216772385231,1670216772385232,1670216772385237,1670216772385239,1670216772385240,1670216772385242,1670216772385243,1670216772385245,1670216772385246,1670216772385248,1670216772385249,1670216772385251,1670216772385253,1670216772385254,1670216772385256,1670216772385257,1670216772385259,1670216772385264,1670216772385266,1670216772385267,1670216772385269,1670216772385270,1670216772385272,1670216772385273,1670216772385275,1670216772385276,1670216772385278,1670216772385279,1670216772385281,1670216772385282,1670216772385284,1670216772385285,1670216772385290,1670216772385291,1670216772385293,1670216772385295,1670216772385296,1670216772385298,1670216772385310,1670216772385312,1670216772385314,1670216772385315,1670216772385317,1670216772385319,1670216772385320,1670216772385322,1670216772388445,1670216772388467,1670216772388470,1670216772388472,1670216772388473,1670216772388475,1670216772388477,1670216772388478,1670216772388480,1670216772388482,1670216772388483,1670216772388485,1670216772388487,1670216772388488,1670216772388490,1670216772388492,1670216772388497,1670216772388498,1670216772388500,1670216772388502,1670216772388503,1670216772388505,1670216772388506,1670216772388508,1670216772388510,1670216772388511,1670216772388513,1670216772388514,1670216772388516,1670216772388517,1670216772388519,1670216772388523,1670216772388525,1670216772388527,1670216772388528,1670216772388530,1670216772388531,1670216772388533,1670216772388534,1670216772388536,1670216772388537,1670216772388539,1670216772388540,1670216772388542,1670216772388549,1670216772388551,1670216772388555,1670216772388557,1670216772388559,1670216772388560,1670216772388562,1670216772391716,1670216772391724,1670216772391727,1670216772391728,1670216772391730,1670216772391732,1670216772391734,1670216772391735,1670216772391737,1670216772391739,1670216772391754,1670216772391755,1670216772391757,1670216772391759,1670216772391760,1670216772391762,1670216772391763,1670216772391765,1670216772391767,1670216772391769,1670216772391770,1670216772391772,1670216772391773,1670216772391775,1670216772391776,1670216772391781,1670216772391783,1670216772391784,1670216772391786,1670216772391788,1670216772391789,1670216772391791,1670216772391792,1670216772391794,1670216772391795,1670216772391797,1670216772391799,1670216772391800,1670216772391802,1670216772391803,1670216772391808,1670216772391809,1670216772391811,1670216772391812,1670216772391814,1670216772391816,1670216772391817,1670216772391819,1670216772391820,1670216772391822,1670216772391823,1670216772394963,1670216772394972,1670216772394975,1670216772394976,1670216772394991,1670216772394993,1670216772394995,1670216772394997,1670216772394999,1670216772395000,1670216772395002,1670216772395003,1670216772395005,1670216772395007,1670216772395008,1670216772395010,1670216772395012,1670216772395013,1670216772395015,1670216772395020,1670216772395022,1670216772395023,1670216772395025,1670216772395026,1670216772395028,1670216772395029,1670216772395031,1670216772395033,1670216772395034,1670216772395036,1670216772395037,1670216772395039,1670216772395040,1670216772395042,1670216772395046,1670216772395048,1670216772395050,1670216772395051,1670216772395053,1670216772395054,1670216772395056,1670216772395057,1670216772395059,1670216772395061,1670216772395062,1670216772395064,1670216772395065,1670216772395067,1670216772395068,1670216772395073,1670216772395075,1670216772395076,1670216772395078,1670216772395079,1670216772395081,1670216772395082,1670216772395084,1670216772395085,1670216772395087,1670216772395088,1670216772395090,1670216772395092,1670216772395093,1670216772395095,1670216772395099,1670216772395101,1670216772395102,1670216772395104,1670216772398231,1670216772398239,1670216772398242,1670216772398243,1670216772398245,1670216772398247,1670216772398249,1670216772398250,1670216772398252,1670216772398254,1670216772398255,1670216772398275,1670216772398277,1670216772398279,1670216772398281,1670216772398282,1670216772398284,1670216772398286,1670216772398287,1670216772398289,1670216772398291,1670216772398292,1670216772398294,1670216772398295,1670216772398297,1670216772398298,1670216772398304,1670216772398305,1670216772398307,1670216772398309,1670216772398310,1670216772398312,1670216772398313,1670216772398315,1670216772398316,1670216772398318,1670216772398319,1670216772398321,1670216772398322,1670216772398324,1670216772398325,1670216772398330,1670216772398331,1670216772398333,1670216772398334,1670216772398336,1670216772398337,1670216772398339,1670216772398340,1670216772398342,1670216772398343,1670216772401402,1670216772401411,1670216772401413,1670216772401415,1670216772401416,1670216772401431,1670216772401433,1670216772401435,1670216772401437,1670216772401438,1670216772401440,1670216772401441,1670216772401443,1670216772401445,1670216772401446,1670216772401448,1670216772401450,1670216772401452,1670216772401453,1670216772401455,1670216772401461,1670216772401462,1670216772401464,1670216772401465,1670216772401467,1670216772401468,1670216772401470,1670216772401471,1670216772401473,1670216772401475,1670216772401476,1670216772401478,1670216772401479,1670216772401481,1670216772401482,1670216772401487,1670216772401489,1670216772401490,1670216772401492,1670216772401493,1670216772401495,1670216772401496,1670216772401498,1670216772401499,1670216772401501,1670216772401502,1670216772401504,1670216772401505,1670216772401507,1670216772401508,1670216772401513,1670216772404670,1670216772404679,1670216772404681,1670216772404682,1670216772404684,1670216772404686,1670216772404688,1670216772404689,1670216772404691,1670216772404693,1670216772404694,1670216772404696,1670216772404698,1670216772404699,1670216772404715,1670216772404717,1670216772404718,1670216772404720,1670216772404722,1670216772404723,1670216772404725,1670216772404726,1670216772404728,1670216772404729,1670216772404731,1670216772404733,1670216772404734,1670216772404736,1670216772404737,1670216772404742,1670216772404744,1670216772404746,1670216772404747,1670216772404749,1670216772404750,1670216772404752,1670216772404753,1670216772404755,1670216772404756,1670216772404758,1670216772404759,1670216772404761,1670216772404762,1670216772404764,1670216772404768,1670216772404770,1670216772404777,1670216772404779,1670216772404780,1670216772404782,1670216772404783,1670216772407926,1670216772407936,1670216772407938,1670216772407941,1670216772407943,1670216772407945,1670216772407946,1670216772407948,1670216772407964,1670216772407965,1670216772407967,1670216772407969,1670216772407970,1670216772407972,1670216772407974,1670216772407975,1670216772407977,1670216772407979,1670216772407980,1670216772407982,1670216772407983,1670216772407985,1670216772407986,1670216772407992,1670216772407993,1670216772407995,1670216772407996,1670216772407998,1670216772408000,1670216772408001,1670216772408003,1670216772408005,1670216772408006,1670216772408008,1670216772408009,1670216772408011,1670216772408012,1670216772408014,1670216772408018,1670216772408020,1670216772408021,1670216772408023,1670216772408025,1670216772408026,1670216772408028,1670216772408029,1670216772408031,1670216772408032,1670216772408034,1670216772408035,1670216772408037,1670216772408038,1670216772408040,1670216772408044,1670216772408046,1670216772408047,1670216772411202,1670216772411211,1670216772411213,1670216772411215,1670216772411216,1670216772411218,1670216772411219,1670216772411221,1670216772411223,1670216772411225,1670216772411226,1670216772411228,1670216772411243,1670216772411245,1670216772411247,1670216772411248,1670216772411250,1670216772411251,1670216772411253,1670216772411254,1670216772411256,1670216772411258,1670216772411259,1670216772411261,1670216772411262,1670216772411264,1670216772411265,1670216772411270,1670216772411272,1670216772411273,1670216772411275,1670216772411277,1670216772411278,1670216772411279,1670216772411281,1670216772411295,1670216772411296,1670216772411298,1670216772411302,1670216772411303,1670216772411305,1670216772411306,1670216772411311,1670216772411313,1670216772411314,1670216772411316,1670216772411318,1670216772411319,1670216772411321,1670216772411322,1670216772411324,1670216772411325,1670216772411327,1670216772411328,1670216772411330,1670216772411331,1670216772411333,1670216772411337,1670216772411339,1670216772411340,1670216772411342,1670216772411343,1670216772411345,1670216772414501,1670216772414510,1670216772414512,1670216772414514,1670216772414516,1670216772414518,1670216772414519,1670216772414521,1670216772414523,1670216772414538,1670216772414540,1670216772414542,1670216772414543,1670216772414545,1670216772414547,1670216772414548,1670216772414550,1670216772414551,1670216772414553,1670216772414555,1670216772414556,1670216772414558,1670216772414559,1670216772414561,1670216772414566,1670216772414568,1670216772414569,1670216772414571,1670216772414573,1670216772414574,1670216772414576,1670216772414577,1670216772414579,1670216772414580,1670216772414582,1670216772414583,1670216772414585,1670216772414587,1670216772414588,1670216772414593,1670216772414594,1670216772414596,1670216772414597,1670216772414599,1670216772414600,1670216772414602,1670216772414604,1670216772414605,1670216772414607,1670216772414608,1670216772414610,1670216772417690,1670216772417700,1670216772417702,1670216772417717,1670216772417719,1670216772417721,1670216772417723,1670216772417724,1670216772417726,1670216772417727,1670216772417729,1670216772417731,1670216772417732,1670216772417734,1670216772417736,1670216772417738,1670216772417739,1670216772417741,1670216772417746,1670216772417748,1670216772417749,1670216772417751,1670216772417752,1670216772417754,1670216772417755,1670216772417757,1670216772417758,1670216772417760,1670216772417761,1670216772417763,1670216772417765,1670216772417766,1670216772417767,1670216772417773,1670216772417774,1670216772417776,1670216772417777,1670216772417779,1670216772417780,1670216772417782,1670216772417783,1670216772417785,1670216772417786,1670216772417788,1670216772417790,1670216772417791,1670216772417793,1670216772417794,1670216772417799,1670216772417800,1670216772417802,1670216772420950,1670216772420959,1670216772420961,1670216772420963,1670216772420964,1670216772420966,1670216772420968,1670216772420970,1670216772420971,1670216772420973,1670216772420974,1670216772420981,1670216772420997,1670216772420999,1670216772421000,1670216772421002,1670216772421004,1670216772421005,1670216772421007,1670216772421008,1670216772421010,1670216772421011,1670216772421013,1670216772421014,1670216772421016,1670216772421018,1670216772421019,1670216772421024,1670216772421026,1670216772421027,1670216772421029,1670216772421030,1670216772421032,1670216772421033,1670216772421035,1670216772421036,1670216772421038,1670216772421039,1670216772421041,1670216772421043,1670216772421044,1670216772421046,1670216772421050,1670216772421052,1670216772421053,1670216772421055,1670216772421057,1670216772421058,1670216772421060,1670216772421061,1670216772421063,1670216772421064,1670216772421066,1670216772421067,1670216772421069,1670216772421070,1670216772421072,1670216772421076,1670216772421078,1670216772421080,1670216772421081,1670216772421083,1670216772421084,1670216772421086,1670216772421088,1670216772421089,1670216772421091,1670216772421092,1670216772424255,1670216772424264,1670216772424267,1670216772424269,1670216772424284,1670216772424286,1670216772424288,1670216772424290,1670216772424291,1670216772424293,1670216772424294,1670216772424296,1670216772424298,1670216772424299,1670216772424301,1670216772424303,1670216772424304,1670216772424306,1670216772424307,1670216772424313,1670216772424315,1670216772424316,1670216772424318,1670216772424319,1670216772424321,1670216772424322,1670216772424324,1670216772424326,1670216772424327,1670216772424329,1670216772424331,1670216772424332,1670216772424334,1670216772424335,1670216772424341,1670216772424342,1670216772424344,1670216772424345,1670216772424347,1670216772424349,1670216772424350,1670216772424352,1670216772424353,1670216772424355,1670216772424356,1670216772424358,1670216772424359,1670216772424361,1670216772424362,1670216772424367,1670216772424369,1670216772427518,1670216772427526,1670216772427529,1670216772427531,1670216772427532,1670216772427534,1670216772427536,1670216772427538,1670216772427539,1670216772427541,1670216772427543,1670216772427544,1670216772427546,1670216772427561,1670216772427563,1670216772427564,1670216772427566,1670216772427568,1670216772427569,1670216772427571,1670216772427572,1670216772427574,1670216772427575,1670216772427577,1670216772427578,1670216772427580,1670216772427582,1670216772427583,1670216772427599,1670216772427601,1670216772427603,1670216772427604,1670216772427606,1670216772427607,1670216772427609,1670216772427610,1670216772427612,1670216772427614,1670216772427615,1670216772427617,1670216772427618,1670216772427620,1670216772427621,1670216772427626,1670216772427628,1670216772427629,1670216772427631,1670216772427632,1670216772427634,1670216772427635,1670216772427637,1670216772430802,1670216772430811,1670216772430814,1670216772430815,1670216772430817,1670216772430819,1670216772430821,1670216772430836,1670216772430838,1670216772430839,1670216772430841,1670216772430843,1670216772430844,1670216772430846,1670216772430848,1670216772430849,1670216772430851,1670216772430852,1670216772430854,1670216772430856,1670216772430857,1670216772430859,1670216772430864,1670216772430866,1670216772430867,1670216772430869,1670216772430870,1670216772430872,1670216772430873,1670216772430875,1670216772430876,1670216772430878,1670216772430880,1670216772430881,1670216772430883,1670216772430884,1670216772430886,1670216772430890,1670216772430892,1670216772430894,1670216772430895,1670216772430897,1670216772430898,1670216772430900,1670216772430901,1670216772430903,1670216772430904,1670216772430906,1670216772430908,1670216772430909,1670216772430911,1670216772433991,1670216772434013,1670216772434016,1670216772434018,1670216772434020,1670216772434022,1670216772434023,1670216772434025,1670216772434026,1670216772434028,1670216772434030,1670216772434031,1670216772434033,1670216772434035,1670216772434036,1670216772434038,1670216772434044,1670216772434046,1670216772434047,1670216772434049,1670216772434050,1670216772434052,1670216772434053,1670216772434055,1670216772434056,1670216772434058,1670216772434060,1670216772434061,1670216772434063,1670216772434064,1670216772434066,1670216772434070,1670216772434072,1670216772434073,1670216772434075,1670216772434077,1670216772434078,1670216772434080,1670216772434081,1670216772434083,1670216772434084,1670216772434086,1670216772434088,1670216772434089,1670216772434091,1670216772434093,1670216772434098,1670216772434099,1670216772434101,1670216772434102,1670216772434104,1670216772434105,1670216772434107,1670216772434109,1670216772434110,1670216772434112,1670216772434113,1670216772434115,1670216772434116,1670216772434118,1670216772434119,1670216772434123,1670216772434125,1670216772434126,1670216772434133,1670216772434135,1670216772434137,1670216772434138,1670216772437311,1670216772437320,1670216772437322,1670216772437324,1670216772437326,1670216772437328,1670216772437329,1670216772437331,1670216772437346,1670216772437348,1670216772437350,1670216772437351,1670216772437353,1670216772437355,1670216772437356,1670216772437358,1670216772437359,1670216772437361,1670216772437363,1670216772437364,1670216772437366,1670216772437367,1670216772437369,1670216772437374,1670216772437376,1670216772437377,1670216772437379,1670216772437380,1670216772437382,1670216772437383,1670216772437385,1670216772437386,1670216772437388,1670216772437389,1670216772437391,1670216772437393,1670216772437394,1670216772437396,1670216772437401,1670216772437403,1670216772437404,1670216772437406,1670216772437407,1670216772437409,1670216772437410,1670216772437412,1670216772437413,1670216772437415,1670216772437416,1670216772437418,1670216772437419,1670216772440568,1670216772440577,1670216772440592,1670216772440594,1670216772440596,1670216772440598,1670216772440600,1670216772440601,1670216772440603,1670216772440605,1670216772440606,1670216772440608,1670216772440610,1670216772440611,1670216772440613,1670216772440615,1670216772440616,1670216772440621,1670216772440623,1670216772440625,1670216772440626,1670216772440628,1670216772440629,1670216772440631,1670216772440632,1670216772440634,1670216772440635,1670216772440637,1670216772440639,1670216772440640,1670216772440642,1670216772440643,1670216772440648,1670216772440650,1670216772440651,1670216772440653,1670216772440654,1670216772440656,1670216772440657,1670216772440659,1670216772440661,1670216772440662,1670216772440664,1670216772440665,1670216772440667,1670216772440668,1670216772440670,1670216772440674,1670216772440676,1670216772440678,1670216772440679,1670216772443844,1670216772443853,1670216772443855,1670216772443857,1670216772443859,1670216772443860,1670216772443862,1670216772443864,1670216772443866,1670216772443867,1670216772443869,1670216772443884,1670216772443886,1670216772443887,1670216772443889,1670216772443891,1670216772443892,1670216772443894,1670216772443895,1670216772443897,1670216772443898,1670216772443900,1670216772443902,1670216772443903,1670216772443905,1670216772443906,1670216772443912,1670216772443914,1670216772443915,1670216772443917,1670216772443918,1670216772443920,1670216772443927,1670216772443929,1670216772443930,1670216772443932,1670216772443933,1670216772443935,1670216772443936,1670216772443938,1670216772443940,1670216772443944,1670216772443946,1670216772443948,1670216772443949,1670216772443951,1670216772443952,1670216772443954,1670216772443955,1670216772443957,1670216772443958,1670216772447091,1670216772447100,1670216772447102,1670216772447104,1670216772447106,1670216772447121,1670216772447123,1670216772447125,1670216772447126,1670216772447128,1670216772447129,1670216772447131,1670216772447133,1670216772447134,1670216772447136,1670216772447138,1670216772447139,1670216772447141,1670216772447142,1670216772447144,1670216772447150,1670216772447152,1670216772447153,1670216772447155,1670216772447156,1670216772447158,1670216772447159,1670216772447161,1670216772447162,1670216772447164,1670216772447165,1670216772447167,1670216772447169,1670216772447170,1670216772447172,1670216772447176,1670216772447178,1670216772447180,1670216772447181,1670216772447183,1670216772447184,1670216772447186,1670216772447187,1670216772447189,1670216772447190,1670216772447192,1670216772447194,1670216772447195,1670216772447197,1670216772447198,1670216772447202,1670216772447204,1670216772447206,1670216772447207,1670216772447209,1670216772447210,1670216772447212,1670216772447213,1670216772447215,1670216772447216,1670216772447218,1670216772447220,1670216772447221,1670216772447223,1670216772447224,1670216772447228,1670216772447230,1670216772447232,1670216772450372,1670216772450381,1670216772450383,1670216772450384,1670216772450386,1670216772450388,1670216772450389,1670216772450391,1670216772450393,1670216772450395,1670216772450396,1670216772450398,1670216772450413,1670216772450415,1670216772450416,1670216772450418,1670216772450420,1670216772450421,1670216772450423,1670216772450425,1670216772450426,1670216772450428,1670216772450429,1670216772450431,1670216772450433,1670216772450434,1670216772450436,1670216772450441,1670216772450442,1670216772450444,1670216772450445,1670216772450447,1670216772450449,1670216772450450,1670216772450452,1670216772450453,1670216772450455,1670216772450456,1670216772450458,1670216772450460,1670216772450461,1670216772450463,1670216772450467,1670216772450469,1670216772450470,1670216772450472,1670216772450473,1670216772450475,1670216772450476,1670216772450478,1670216772450479,1670216772453566,1670216772453575,1670216772453578,1670216772453579,1670216772453581,1670216772453583,1670216772453598,1670216772453601,1670216772453602,1670216772453604,1670216772453606,1670216772453607,1670216772453609,1670216772453611,1670216772453612,1670216772453614,1670216772453615,1670216772453617,1670216772453619,1670216772453620,1670216772453622,1670216772453627,1670216772453629,1670216772453630,1670216772453632,1670216772453633,1670216772453635,1670216772453636,1670216772453638,1670216772453640,1670216772453641,1670216772453643,1670216772453644,1670216772453646,1670216772453648,1670216772453649,1670216772453654,1670216772453655,1670216772453657,1670216772453658,1670216772453660,1670216772453662,1670216772453663,1670216772453665,1670216772453666,1670216772453668,1670216772453669,1670216772453671,1670216772453673,1670216772453674,1670216772453675,1670216772456830,1670216772456839,1670216772456841,1670216772456843,1670216772456845,1670216772456847,1670216772456848,1670216772456850,1670216772456852,1670216772456853,1670216772456855,1670216772456857,1670216772456858,1670216772456860,1670216772456861,1670216772456877,1670216772456879,1670216772456881,1670216772456882,1670216772456884,1670216772456886,1670216772456887,1670216772456889,1670216772456890,1670216772456892,1670216772456893,1670216772456895,1670216772456897,1670216772456898,1670216772456900,1670216772456912,1670216772456914,1670216772456915,1670216772456917,1670216772456918,1670216772456920,1670216772456921,1670216772456923,1670216772456924,1670216772456926,1670216772456927,1670216772456929,1670216772456931,1670216772456932,1670216772456934,1670216772456938,1670216772456940,1670216772456942,1670216772456943,1670216772456945,1670216772456946,1670216772460116,1670216772460126,1670216772460128,1670216772460130,1670216772460132,1670216772460134,1670216772460136,1670216772460138,1670216772460139,1670216772460155,1670216772460157,1670216772460158,1670216772460160,1670216772460162,1670216772460163,1670216772460165,1670216772460166,1670216772460168,1670216772460169,1670216772460171,1670216772460173,1670216772460174,1670216772460176,1670216772460177,1670216772460183,1670216772460185,1670216772460186,1670216772460188,1670216772460190,1670216772460191,1670216772460192,1670216772460194,1670216772460196,1670216772460197,1670216772460199,1670216772460206,1670216772460208,1670216772460209,1670216772460211,1670216772460253,1670216772460255,1670216772460257,1670216772460259,1670216772460260,1670216772460262,1670216772460263,1670216772460265,1670216772460267,1670216772460268,1670216772460270,1670216772460271,1670216772460273,1670216772460274,1670216772460276,1670216772460281,1670216772460282,1670216772460284,1670216772460285,1670216772460287,1670216772460289,1670216772460290,1670216772460292,1670216772460293,1670216772460295,1670216772460296,1670216772460298,1670216772460300,1670216772460301,1670216772463459,1670216772463481,1670216772463484,1670216772463486,1670216772463488,1670216772463490,1670216772463491,1670216772463493,1670216772463494,1670216772463496,1670216772463498,1670216772463500,1670216772463501,1670216772463503,1670216772463504,1670216772463506,1670216772463511,1670216772463513,1670216772463515,1670216772463516,1670216772463518,1670216772463519,1670216772463521,1670216772463523,1670216772463524,1670216772463526,1670216772463527,1670216772463529,1670216772463531,1670216772463532,1670216772463534,1670216772463538,1670216772463540,1670216772463541,1670216772463543,1670216772463544,1670216772463546,1670216772463547,1670216772463549,1670216772463550,1670216772463552,1670216772463553,1670216772463555,1670216772463557,1670216772463558,1670216772463559,1670216772463565,1670216772463566,1670216772463568,1670216772463569,1670216772463571,1670216772466730,1670216772466739,1670216772466741,1670216772466743,1670216772466746,1670216772466748,1670216772466750,1670216772466752,1670216772466753,1670216772466755,1670216772466770,1670216772466772,1670216772466774,1670216772466776,1670216772466777,1670216772466779,1670216772466780,1670216772466782,1670216772466784,1670216772466785,1670216772466787,1670216772466788,1670216772466790,1670216772466792,1670216772466793,1670216772466799,1670216772466800,1670216772466802,1670216772466803,1670216772466805,1670216772466807,1670216772466808,1670216772466810,1670216772466811,1670216772466813,1670216772466815,1670216772466816,1670216772466818,1670216772466819,1670216772466821,1670216772466831,1670216772466833,1670216772466835,1670216772466836,1670216772466838,1670216772466840,1670216772466841,1670216772466843,1670216772466844,1670216772466846,1670216772466847,1670216772469928,1670216772469937,1670216772469939,1670216772469941,1670216772469957,1670216772469959,1670216772469960,1670216772469962,1670216772469964,1670216772469965,1670216772469967,1670216772469969,1670216772469970,1670216772469972,1670216772469974,1670216772469975,1670216772469977,1670216772469979,1670216772469980,1670216772469986,1670216772469987,1670216772469989,1670216772469991,1670216772469992,1670216772469994,1670216772469995,1670216772469997,1670216772469998,1670216772470000,1670216772470001,1670216772470003,1670216772470005,1670216772470006,1670216772470008,1670216772470012,1670216772470014,1670216772470015,1670216772470017,1670216772470018,1670216772470020,1670216772470021,1670216772470023,1670216772470024,1670216772470026,1670216772470028,1670216772470029,1670216772470031,1670216772470032,1670216772470034,1670216772470038,1670216772470040,1670216772470041,1670216772470043,1670216772470044,1670216772470046,1670216772470047,1670216772473188,1670216772473197,1670216772473199,1670216772473201,1670216772473203,1670216772473204,1670216772473206,1670216772473207,1670216772473223,1670216772473225,1670216772473226,1670216772473228,1670216772473230,1670216772473231,1670216772473233,1670216772473234,1670216772473236,1670216772473237,1670216772473239,1670216772473241,1670216772473242,1670216772473244,1670216772473245,1670216772473250,1670216772473252,1670216772473253,1670216772473255,1670216772473257,1670216772473258,1670216772473260,1670216772473261,1670216772473263,1670216772473265,1670216772473266,1670216772473268,1670216772473270,1670216772473271,1670216772473273,1670216772473277,1670216772473279,1670216772473281,1670216772473283,1670216772473284,1670216772473286,1670216772473287,1670216772473289,1670216772473290,1670216772473292,1670216772473293,1670216772473295,1670216772473297,1670216772473298,1670216772473312,1670216772473317,1670216772473319,1670216772473320,1670216772473322,1670216772473323,1670216772473325,1670216772473326,1670216772473328,1670216772473329,1670216772473331,1670216772476457,1670216772476466,1670216772476469,1670216772476470,1670216772476472,1670216772476488,1670216772476490,1670216772476491,1670216772476499,1670216772476501,1670216772476502,1670216772476504,1670216772476506,1670216772476507,1670216772476509,1670216772476511,1670216772476512,1670216772476514,1670216772476515,1670216772476517,1670216772476522,1670216772476524,1670216772476525,1670216772476527,1670216772476528,1670216772476530,1670216772476531,1670216772476533,1670216772476535,1670216772476536,1670216772476538,1670216772476539,1670216772476541,1670216772476542,1670216772476544,1670216772476549,1670216772476551,1670216772476552,1670216772476554,1670216772476555,1670216772476557,1670216772476558,1670216772476560,1670216772476562,1670216772476563,1670216772476565,1670216772476566,1670216772476568,1670216772476569,1670216772476571,1670216772476575,1670216772479704,1670216772486463,1670216772486469,1670216772486471,1670216772486473,1670216772486475,1670216772486476,1670216772486478,1670216772486479,1670216772486481,1670216772486483,1670216772486484,1670216772486486,1670216772486488,1670216772486504,1670216772486505,1670216772486507,1670216772486509,1670216772486510,1670216772486512,1670216772486513,1670216772486515,1670216772486516,1670216772486518,1670216772486520,1670216772486521,1670216772486523,1670216772486524,1670216772486526,1670216772486531,1670216772486533,1670216772486534,1670216772486536,1670216772486538,1670216772486539,1670216772486541,1670216772486542,1670216772486544,1670216772486545,1670216772486547,1670216772486549,1670216772486550,1670216772486552,1670216772486553,1670216772486558,1670216772486559,1670216772486561,1670216772486563,1670216772486564,1670216772486566,1670216772486567,1670216772486569,1670216772486570,1670216772486572,1670216772486573,1670216772486575,1670216772486576,1670216772486578,1670216772486579,1670216772486584,1670216772486585,1670216772486587,1670216772486589,1670216772486590,1670216772486592,1670216772486593,1670216772486595,1670216772486596,1670216772486598,1670216772486599,1670216772486601,1670216772486603,1670216772486604,1670216772486605,1670216772486611,1670216772486612,1670216772486614,1670216772486615,1670216772486617,1670216772486618,1670216772486620,1670216772486622,1670216772486623,1670216772486625,1670216772486626,1670216772486628,1670216772486629,1670216772486631,1670216772486632,1670216772486637,1670216772486639,1670216772486640,1670216772486642,1670216772486644,1670216772486645,1670216772486652,1670216772486654,1670216772486656,1670216772486657,1670216772486659,1670216772486660,1670216772486662,1670216772486663,1670216772486665,1670216772486670,1670216772486671,1670216772486673,1670216772486674,1670216772486676,1670216772486678,1670216772486679,1670216772486681,1670216772486682,1670216772486684,1670216772486685,1670216772486687,1670216772486689,1670216772486690,1670216772486691,1670216772486695,1670216772486697,1670216772486698,1670216772486700,1670216772486702,1670216772486703,1670216772486704,1670216772486706,1670216772486708,1670216772486709,1670216772486711,1670216772486712,1670216772486714,1670216772486715,1670216772486716,1670216772486721,1670216772486722,1670216772486724,1670216772486725,1670216772486727,1670216772486729,1670216772486730,1670216772486732,1670216772486733,1670216772486735,1670216772486736,1670216772486738,1670216772486739,1670216772486741,1670216772486742,1670216772486746,1670216772486748,1670216772486749,1670216772486751,1670216772486752,1670216772486754,1670216772486755,1670216772486757,1670216772486758,1670216772486760,1670216772486762,1670216772486763,1670216772486765,1670216772486766,1670216772486768,1670216772486772,1670216772486774,1670216772486775,1670216772486777,1670216772486778,1670216772486780,1670216772489861,1670216772489877,1670216772489880,1670216772489881,1670216772489883,1670216772489885,1670216772489887,1670216772489888,1670216772489890,1670216772489908,1670216772489910,1670216772489912,1670216772489914,1670216772489915,1670216772489917,1670216772489918,1670216772489920,1670216772490010,1670216772490012,1670216772490013,1670216772490015,1670216772490017,1670216772490018,1670216772490020,1670216772490027,1670216772490029,1670216772490030,1670216772490032,1670216772490034,1670216772490035,1670216772490037,1670216772490038,1670216772490040,1670216772490041,1670216772490043,1670216772490044,1670216772490046,1670216772490048,1670216772490049,1670216772490054,1670216772490055,1670216772490057,1670216772490058,1670216772490060,1670216772490061,1670216772490063,1670216772490064,1670216772490066,1670216772490067,1670216772490069,1670216772490070,1670216772490072,1670216772490073,1670216772490075,1670216772490079,1670216772490081,1670216772490082,1670216772490084,1670216772490086,1670216772490087,1670216772490089,1670216772490090,1670216772490092,1670216772490099,1670216772490100,1670216772490102,1670216772490104,1670216772493322,1670216772493337,1670216772493356,1670216772493358,1670216772493360,1670216772493362,1670216772493363,1670216772493365,1670216772493367,1670216772493368,1670216772493370,1670216772493372,1670216772493373,1670216772493375,1670216772493377,1670216772493378,1670216772493380,1670216772493392,1670216772493394,1670216772493395,1670216772493397,1670216772493398,1670216772493400,1670216772493401,1670216772493403,1670216772493404,1670216772493406,1670216772493407,1670216772493409,1670216772493411,1670216772493412,1670216772493414,1670216772493419,1670216772493421,1670216772493426,1670216772493428,1670216772493430,1670216772493431,1670216772493433,1670216772493434,1670216772493436,1670216772493437,1670216772493439,1670216772493506,1670216772493508,1670216772493509,1670216772493511,1670216772493517,1670216772493519,1670216772493520,1670216772493522,1670216772493523,1670216772496650,1670216772496665,1670216772496668,1670216772496670,1670216772496672,1670216772496674,1670216772496676,1670216772496677,1670216772496679,1670216772496680,1670216772496698,1670216772496704,1670216772496707,1670216772496709,1670216772496710,1670216772496742,1670216772496743,1670216772496745,1670216772496747,1670216772496748,1670216772496750,1670216772496751,1670216772496753,1670216772496754,1670216772496756,1670216772496763,1670216772496765,1670216772496766,1670216772496768,1670216772496770,1670216772496771,1670216772496773,1670216772496774,1670216772496776,1670216772496777,1670216772496779,1670216772496781,1670216772496782,1670216772496784,1670216772496785,1670216772496791,1670216772496795,1670216772496797,1670216772496799,1670216772496800,1670216772497052,1670216772497053,1670216772497055,1670216772497057,1670216772497058,1670216772497060,1670216772500188,1670216772500204,1670216772500224,1670216772500226,1670216772500242,1670216772500244,1670216772500246,1670216772500248,1670216772500249,1670216772500251,1670216772500252,1670216772500254,1670216772500256,1670216772500257,1670216772500259,1670216772500261,1670216772500262,1670216772500264,1670216772500265,1670216772500271,1670216772500272,1670216772500274,1670216772500275,1670216772500277,1670216772500278,1670216772500280,1670216772500281,1670216772500283,1670216772500284,1670216772500286,1670216772500288,1670216772500302,1670216772500304,1670216772500305,1670216772500373,1670216772500375,1670216772500376,1670216772500378,1670216772500380,1670216772500381,1670216772500383,1670216772500384,1670216772500386,1670216772500387,1670216772500398,1670216772500400,1670216772500402,1670216772500435,1670216772500436,1670216772500446,1670216772500447,1670216772500449,1670216772500450,1670216772500452,1670216772500455,1670216772500457,1670216772500458,1670216772500460,1670216772500490,1670216772500492,1670216772500494,1670216772500495,1670216772500497,1670216772500498,1670216772500504,1670216772500506,1670216772500510,1670216772500512,1670216772503635,1670216772503651,1670216772503672,1670216772503674,1670216772503675,1670216772503677,1670216772503679,1670216772503681,1670216772503682,1670216772503684,1670216772503686,1670216772503747,1670216772503749,1670216772503751,1670216772503753,1670216772503754,1670216772503756,1670216772503758,1670216772503760,1670216772503762,1670216772503783,1670216772503785,1670216772503786,1670216772503788,1670216772503789,1670216772503791,1670216772503811,1670216772503830,1670216772503831,1670216772503833,1670216772503834,1670216772503836,1670216772503837,1670216772503839,1670216772503840,1670216772503842,1670216772503845,1670216772503847,1670216772503866,1670216772503868,1670216772503869,1670216772503876,1670216772503878,1670216772503881,1670216772503883,1670216772503885,1670216772503905,1670216772503907,1670216772503909,1670216772503910,1670216772503912,1670216772507036,1670216772507052,1670216772507058,1670216772507060,1670216772507063,1670216772507081,1670216772507086,1670216772507088,1670216772507092,1670216772507096,1670216772507098,1670216772507101,1670216772507103,1670216772507106,1670216772507108,1670216772507112,1670216772507114,1670216772507117,1670216772507119,1670216772507122,1670216772507130,1670216772507132,1670216772507135,1670216772507137,1670216772507140,1670216772507142,1670216772507145,1670216772507147,1670216772507150,1670216772507152,1670216772507155,1670216772507157,1670216772507160,1670216772507162,1670216772507164,1670216772507171,1670216772507176,1670216772507177,1670216772507179,1670216772507182,1670216772507184,1670216772507187,1670216772507189,1670216772507191,1670216772507194,1670216772507198,1670216772507199,1670216772507203,1670216772507204,1670216772507206,1670216772507213,1670216772507223,1670216772507225,1670216772507228,1670216772507230,1670216772507233,1670216772507235,1670216772507236,1670216772507239,1670216772507241,1670216772507244,1670216772507246,1670216772507249,1670216772507251,1670216772507253,1670216772507259,1670216772507263,1670216772507265,1670216772510345,1670216772510361,1670216772510365,1670216772510367,1670216772510371,1670216772510373,1670216772510376,1670216772510378,1670216772510381,1670216772510383,1670216772510386,1670216772510388,1670216772510408,1670216772510411,1670216772510413,1670216772510417,1670216772510418,1670216772510422,1670216772510424,1670216772510427,1670216772510429,1670216772510431,1670216772510434,1670216772510436,1670216772510439,1670216772510440,1670216772510443,1670216772510451,1670216772510452,1670216772510455,1670216772510457,1670216772510461,1670216772510463,1670216772510467,1670216772510469,1670216772510472,1670216772510473,1670216772510475,1670216772510478,1670216772510480,1670216772510483,1670216772510485,1670216772510491,1670216772510493,1670216772510496,1670216772510498,1670216772510501,1670216772510503,1670216772510505,1670216772510508,1670216772510510,1670216772513591,1670216772513607,1670216772513613,1670216772513615,1670216772513618,1670216772513621,1670216772513644,1670216772513646,1670216772513648,1670216772513650,1670216772513652,1670216772513655,1670216772513657,1670216772513661,1670216772513663,1670216772513666,1670216772513668,1670216772513670,1670216772513673,1670216772513675,1670216772513678,1670216772513686,1670216772513688,1670216772513691,1670216772513693,1670216772513696,1670216772513698,1670216772513699,1670216772513703,1670216772513704,1670216772513708,1670216772513710,1670216772513714,1670216772513715,1670216772513717,1670216772513718,1670216772513725,1670216772513727,1670216772513730,1670216772513732,1670216772513736,1670216772513738,1670216772513739,1670216772513742,1670216772513744,1670216772513747,1670216772513749,1670216772513752,1670216772513754,1670216772513758,1670216772513760,1670216772516891,1670216772516906,1670216772516911,1670216772516916,1670216772516918,1670216772516921,1670216772516923,1670216772516926,1670216772516928,1670216772516930,1670216772516933,1670216772516936,1670216772516937,1670216772516940,1670216772516942,1670216772516960,1670216772516963,1670216772516966,1670216772516969,1670216772516978,1670216772516981,1670216772516984,1670216772516986,1670216772516988,1670216772516990,1670216772516993,1670216772516996,1670216772516999,1670216772517001,1670216772517003,1670216772517011,1670216772517013,1670216772517016,1670216772517018,1670216772517021,1670216772517023,1670216772517027,1670216772517029,1670216772517032,1670216772517033,1670216772517036,1670216772517038,1670216772517041,1670216772517043,1670216772517046,1670216772517053,1670216772517055,1670216772517058,1670216772517060,1670216772517063,1670216772517065,1670216772517068,1670216772517070,1670216772517073,1670216772517075,1670216772517078,1670216772520206,1670216772520221,1670216772520226,1670216772520228,1670216772520247,1670216772520249,1670216772520252,1670216772520254,1670216772520257,1670216772520259,1670216772520260,1670216772520264,1670216772520266,1670216772520268,1670216772520271,1670216772520273,1670216772520275,1670216772520279,1670216772520281,1670216772520289,1670216772520291,1670216772520292,1670216772520294,1670216772520297,1670216772520299,1670216772520302,1670216772520304,1670216772520307,1670216772520309,1670216772520312,1670216772520314,1670216772520318,1670216772520320,1670216772520323,1670216772520330,1670216772520332,1670216772520335,1670216772520337,1670216772520340,1670216772520342,1670216772520345,1670216772520346,1670216772520349,1670216772520351,1670216772520355,1670216772520356,1670216772520360,1670216772520361,1670216772520365,1670216772520383,1670216772520387,1670216772520389,1670216772520392,1670216772520394,1670216772520395,1670216772520398,1670216772520400,1670216772520403,1670216772520405,1670216772520408,1670216772520410,1670216772520412,1670216772520414,1670216772523538,1670216772523566,1670216772523572,1670216772523576,1670216772523579,1670216772523582,1670216772523583,1670216772523587,1670216772523589,1670216772523592,1670216772523594,1670216772523598,1670216772523600,1670216772523603,1670216772523605,1670216772523608,1670216772523615,1670216772523618,1670216772523621,1670216772523622,1670216772523625,1670216772523627,1670216772523630,1670216772523632,1670216772523635,1670216772523637,1670216772523640,1670216772523642,1670216772523645,1670216772523647,1670216772523650,1670216772523657,1670216772523660,1670216772523663,1670216772523665,1670216772523668,1670216772523669,1670216772523672,1670216772523682,1670216772523686,1670216772523688,1670216772523691,1670216772523693,1670216772523696,1670216772523698,1670216772523701,1670216772523707,1670216772523709,1670216772523712,1670216772523714,1670216772523717,1670216772526846,1670216772526861,1670216772526866,1670216772526870,1670216772526872,1670216772526876,1670216772526878,1670216772526881,1670216772526883,1670216772526886,1670216772526904,1670216772526907,1670216772526909,1670216772526912,1670216772526914,1670216772526917,1670216772526919,1670216772526922,1670216772526924,1670216772526927,1670216772526929,1670216772526932,1670216772526934,1670216772526937,1670216772526939,1670216772526946,1670216772526950,1670216772526951,1670216772526954,1670216772526956,1670216772526959,1670216772526961,1670216772526964,1670216772526966,1670216772526969,1670216772526971,1670216772526974,1670216772526976,1670216772526979,1670216772526981,1670216772526987,1670216772526989,1670216772526992,1670216772526994,1670216772526997,1670216772526999,1670216772527002,1670216772527004,1670216772527006,1670216772527008,1670216772527011,1670216772530092,1670216772530108,1670216772530112,1670216772530117,1670216772530135,1670216772530137,1670216772530140,1670216772530142,1670216772530145,1670216772530147,1670216772530150,1670216772530152,1670216772530154,1670216772530156,1670216772530161,1670216772530162,1670216772530165,1670216772530167,1670216772530170,1670216772530178,1670216772530180,1670216772530182,1670216772530184,1670216772530187,1670216772530189,1670216772530192,1670216772530194,1670216772530197,1670216772530199,1670216772530202,1670216772530204,1670216772530207,1670216772530209,1670216772530212,1670216772530227,1670216772530230,1670216772530232,1670216772530234,1670216772530237,1670216772530239,1670216772530242,1670216772530244,1670216772530247,1670216772530249,1670216772530253,1670216772530255,1670216772530258,1670216772530259,1670216772530261,1670216772530267,1670216772530271,1670216772530273,1670216772530276,1670216772530278,1670216772530282,1670216772530283,1670216772530286,1670216772530288,1670216772530292,1670216772530294,1670216772530297,1670216772530299,1670216772530302,1670216772530304,1670216772530316,1670216772530318,1670216772530321,1670216772530323,1670216772533371,1670216772533387,1670216772533389,1670216772533392,1670216772533394,1670216772533401,1670216772533404,1670216772533405,1670216772533407,1670216772533408,1670216772533410,1670216772533426,1670216772533428,1670216772533429,1670216772533431,1670216772533433,1670216772533434,1670216772533436,1670216772533437,1670216772533439,1670216772533440,1670216772533442,1670216772533443,1670216772533445,1670216772533446,1670216772533448,1670216772533452,1670216772533454,1670216772533456,1670216772533457,1670216772533459,1670216772533460,1670216772533461,1670216772533463,1670216772533465,1670216772533466,1670216772533468,1670216772533469,1670216772533471,1670216772533473,1670216772533474,1670216772533479,1670216772533481,1670216772533482,1670216772533484,1670216772533486,1670216772533487,1670216772533488,1670216772533490,1670216772533491,1670216772533493,1670216772536632,1670216772536653,1670216772536660,1670216772536662,1670216772536665,1670216772536684,1670216772536687,1670216772536690,1670216772536692,1670216772536695,1670216772536697,1670216772536699,1670216772536701,1670216772536705,1670216772536707,1670216772536710,1670216772536712,1670216772536715,1670216772536717,1670216772536720,1670216772536728,1670216772536730,1670216772536733,1670216772536735,1670216772536738,1670216772536740,1670216772536741,1670216772536743,1670216772536744,1670216772536745,1670216772536747,1670216772536749,1670216772536750,1670216772536752,1670216772536753,1670216772536758,1670216772536760,1670216772536761,1670216772536763,1670216772536764,1670216772536766,1670216772536767,1670216772536769,1670216772536770,1670216772536771,1670216772536773,1670216772536774,1670216772536776,1670216772536777,1670216772536779,1670216772536789,1670216772539921,1670216772539937,1670216772539940,1670216772539942,1670216772539944,1670216772539946,1670216772539948,1670216772539950,1670216772539952,1670216772539954,1670216772539956,1670216772539958,1670216772539960,1670216772539962,1670216772539981,1670216772540003,1670216772540005,1670216772540006,1670216772540008,1670216772540009,1670216772540010,1670216772540012,1670216772540014,1670216772540015,1670216772540017,1670216772540018,1670216772540020,1670216772540023,1670216772540024,1670216772540033,1670216772540035,1670216772540036,1670216772540039,1670216772540041,1670216772540043,1670216772540046,1670216772540048,1670216772540050,1670216772540052,1670216772540055,1670216772540057,1670216772540072,1670216772540076,1670216772540078,1670216772540092,1670216772540095,1670216772540097,1670216772540099,1670216772540102,1670216772540104,1670216772540107,1670216772540109,1670216772540112,1670216772540114,1670216772540117,1670216772540119,1670216772540122,1670216772540124,1670216772540128,1670216772540138,1670216772540141,1670216772540143,1670216772540147,1670216772540149,1670216772540152,1670216772540154,1670216772540157,1670216772540159,1670216772543339,1670216772543356,1670216772543361,1670216772543363,1670216772543366,1670216772543368,1670216772543393,1670216772543398,1670216772543400,1670216772543403,1670216772543405,1670216772543408,1670216772543410,1670216772543413,1670216772543415,1670216772543417,1670216772543420,1670216772543423,1670216772543425,1670216772543428,1670216772543429,1670216772543455,1670216772543459,1670216772543461,1670216772543464,1670216772543466,1670216772543468,1670216772543470,1670216772543472,1670216772543475,1670216772543477,1670216772543480,1670216772543482,1670216772543484,1670216772543487,1670216772543489,1670216772543495,1670216772543497,1670216772543500,1670216772543502,1670216772543505,1670216772543507,1670216772543509,1670216772543511,1670216772543515,1670216772543517,1670216772543520,1670216772543522,1670216772543526,1670216772543528,1670216772543531,1670216772546613,1670216772546630,1670216772546635,1670216772546638,1670216772546641,1670216772546643,1670216772546645,1670216772546647,1670216772546650,1670216772546652,1670216772546655,1670216772546657,1670216772546660,1670216772546662,1670216772546666,1670216772546685,1670216772546687,1670216772546689,1670216772546690,1670216772546692,1670216772546693,1670216772546695,1670216772546696,1670216772546698,1670216772546699,1670216772546701,1670216772546702,1670216772546704,1670216772546705,1670216772546707,1670216772546712,1670216772546714,1670216772546716,1670216772546717,1670216772546719,1670216772546720,1670216772546722,1670216772546723,1670216772546724,1670216772546726,1670216772546727,1670216772546729,1670216772546730,1670216772546732,1670216772546733,1670216772546738,1670216772546740,1670216772546741,1670216772546743,1670216772546744,1670216772546746,1670216772549823,1670216772549839,1670216772549841,1670216772549843,1670216772549845,1670216772549847,1670216772549849,1670216772549850,1670216772549852,1670216772549876,1670216772549891,1670216772549917,1670216772549919,1670216772549921,1670216772549923,1670216772549924,1670216772549926,1670216772549928,1670216772549929,1670216772549931,1670216772549933,1670216772549934,1670216772549936,1670216772549939,1670216772549949,1670216772549951,1670216772549952,1670216772549956,1670216772549958,1670216772549959,1670216772549961,1670216772549962,1670216772549964,1670216772549966,1670216772549968,1670216772549970,1670216772549971,1670216772549974,1670216772549976,1670216772549982,1670216772549984,1670216772549987,1670216772549989,1670216772549991,1670216772549993,1670216772549995,1670216772549997,1670216772550001,1670216772550003,1670216772550005,1670216772550008,1670216772553133,1670216772553149,1670216772553155,1670216772553173,1670216772553177,1670216772553179,1670216772553182,1670216772553184,1670216772553186,1670216772553188,1670216772553190,1670216772553191,1670216772553193,1670216772553194,1670216772553196,1670216772553198,1670216772553199,1670216772553201,1670216772553207,1670216772553209,1670216772553210,1670216772553212,1670216772553213,1670216772553215,1670216772553216,1670216772553218,1670216772553219,1670216772553221,1670216772553223,1670216772553224,1670216772553226,1670216772553227,1670216772553228,1670216772553234,1670216772553236,1670216772553237,1670216772553239,1670216772553240,1670216772553242,1670216772553245,1670216772553246,1670216772553248,1670216772553250,1670216772553271,1670216772553273,1670216772553275,1670216772553276,1670216772553277,1670216772553284,1670216772553285,1670216772553287,1670216772553290,1670216772553292,1670216772553294,1670216772553295,1670216772553298,1670216772553310,1670216772553312,1670216772553313,1670216772553318,1670216772553319,1670216772553321,1670216772553324,1670216772553330,1670216772553332,1670216772553335,1670216772553337,1670216772553338,1670216772556463,1670216772556478,1670216772556484,1670216772556487,1670216772556489,1670216772556493,1670216772556495,1670216772556499,1670216772556501,1670216772556504,1670216772556523,1670216772556527,1670216772556529,1670216772556531,1670216772556534,1670216772556536,1670216772556538,1670216772556541,1670216772556543,1670216772556545,1670216772556548,1670216772556550,1670216772556552,1670216772556556,1670216772556558,1670216772556565,1670216772556567,1670216772556570,1670216772556572,1670216772556574,1670216772556575,1670216772556578,1670216772556586,1670216772556588,1670216772556591,1670216772556593,1670216772556594,1670216772556595,1670216772556597,1670216772556599,1670216772556605,1670216772556607,1670216772556610,1670216772556612,1670216772556614,1670216772556615,1670216772556618,1670216772556620,1670216772556621,1670216772556623,1670216772556626,1670216772559749,1670216772559765,1670216772559770,1670216772559772,1670216772559796,1670216772559800,1670216772559802,1670216772559803,1670216772559806,1670216772559808,1670216772559810,1670216772559814,1670216772559817,1670216772559820,1670216772559822,1670216772559823,1670216772559826,1670216772559829,1670216772559830,1670216772559837,1670216772559839,1670216772559842,1670216772559844,1670216772559846,1670216772559847,1670216772559849,1670216772559850,1670216772559852,1670216772559853,1670216772559855,1670216772559856,1670216772559858,1670216772559859,1670216772559860,1670216772559866,1670216772559867,1670216772559869,1670216772559870,1670216772559872,1670216772559873,1670216772559875,1670216772559877,1670216772559878,1670216772559880,1670216772559881,1670216772559882,1670216772559884,1670216772559885,1670216772559887,1670216772559892,1670216772559893,1670216772563017,1670216772563034,1670216772563036,1670216772563038,1670216772563040,1670216772563042,1670216772563044,1670216772563045,1670216772563047,1670216772563049,1670216772563051,1670216772563056,1670216772563057,1670216772563089,1670216772563091,1670216772563092,1670216772563094,1670216772563095,1670216772563097,1670216772563098,1670216772563100,1670216772563101,1670216772563102,1670216772563104,1670216772563106,1670216772563109,1670216772563110,1670216772563112,1670216772563120,1670216772563123,1670216772563125,1670216772563128,1670216772563130,1670216772563133,1670216772563135,1670216772563138,1670216772563139,1670216772563143,1670216772563144,1670216772563147,1670216772563149,1670216772563151,1670216772563153,1670216772563160,1670216772563162,1670216772563166,1670216772563168,1670216772563171,1670216772563173,1670216772563175,1670216772563177,1670216772563180,1670216772563182,1670216772563185,1670216772563187,1670216772563190,1670216772563191,1670216772563194,1670216772563201,1670216772563203,1670216772563206,1670216772563208,1670216772563211,1670216772563212,1670216772563215,1670216772563217,1670216772563220,1670216772563221,1670216772566311,1670216772566330,1670216772566332,1670216772566341,1670216772566346,1670216772566365,1670216772566369,1670216772566371,1670216772566374,1670216772566375,1670216772566378,1670216772566380,1670216772566383,1670216772566387,1670216772566389,1670216772566392,1670216772566394,1670216772566397,1670216772566398,1670216772566401,1670216772566408,1670216772566410,1670216772566413,1670216772566415,1670216772566417,1670216772566419,1670216772566422,1670216772566424,1670216772566426,1670216772566428,1670216772566431,1670216772566433,1670216772566436,1670216772566437,1670216772566440,1670216772566445,1670216772566447,1670216772566448,1670216772566450,1670216772566451,1670216772566453,1670216772566454,1670216772566455,1670216772566457,1670216772566459,1670216772566460,1670216772566462,1670216772566463,1670216772566464,1670216772566466,1670216772566471,1670216772569547,1670216772569563,1670216772569566,1670216772569568,1670216772569570,1670216772569575,1670216772569577,1670216772569615,1670216772569617,1670216772569618,1670216772569620,1670216772569621,1670216772569623,1670216772569625,1670216772569643,1670216772569645,1670216772569649,1670216772569650,1670216772569652,1670216772569655,1670216772569657,1670216772569659,1670216772569661,1670216772569664,1670216772569666,1670216772569669,1670216772569670,1670216772569673,1670216772569675,1670216772569681,1670216772569683,1670216772569686,1670216772569688,1670216772569691,1670216772569692,1670216772569695,1670216772569697,1670216772569700,1670216772569702,1670216772569705,1670216772569706,1670216772569709,1670216772569711,1670216772569714,1670216772569720,1670216772569722,1670216772569725,1670216772569726,1670216772569729,1670216772569731,1670216772569734,1670216772572864,1670216772572879,1670216772572883,1670216772572887,1670216772572891,1670216772572893,1670216772572896,1670216772572899,1670216772572960,1670216772572964,1670216772572968,1670216772572972,1670216772572976,1670216772572978,1670216772572980,1670216772572984,1670216772572988,1670216772572990,1670216772572993,1670216772572996,1670216772572998,1670216772573001,1670216772573002,1670216772573020,1670216772573022,1670216772573024,1670216772573025,1670216772573027,1670216772573028,1670216772573030,1670216772573031,1670216772573033,1670216772573034,1670216772573036,1670216772573038,1670216772573039,1670216772573041,1670216772573042,1670216772573055,1670216772573057,1670216772573070,1670216772573071,1670216772573073,1670216772573075,1670216772573076,1670216772573077,1670216772573079,1670216772573080,1670216772573084,1670216772573086,1670216772573087,1670216772573091,1670216772573092,1670216772573100,1670216772573102,1670216772573104,1670216772573108,1670216772573110,1670216772573112,1670216772573114,1670216772573117,1670216772573121,1670216772573123,1670216772576247,1670216772576262,1670216772576265,1670216772576270,1670216772576272,1670216772576343,1670216772576345,1670216772576347,1670216772576349,1670216772576351,1670216772576353,1670216772576356,1670216772576360,1670216772576361,1670216772576364,1670216772576368,1670216772576370,1670216772576372,1670216772576376,1670216772576378,1670216772576397,1670216772576400,1670216772576404,1670216772576406,1670216772576408,1670216772576412,1670216772576414,1670216772576417,1670216772576420,1670216772576422,1670216772576425,1670216772576428,1670216772576430,1670216772576432,1670216772576436,1670216772576443,1670216772576444,1670216772576447,1670216772576450,1670216772576452,1670216772576455,1670216772576459,1670216772576460,1670216772576463,1670216772576467,1670216772576469,1670216772576471,1670216772576475,1670216772576476,1670216772576478,1670216772576483,1670216772576485,1670216772576486,1670216772576487,1670216772576489,1670216772576490,1670216772579630,1670216772579647,1670216772579651,1670216772579655,1670216772579659,1670216772579663,1670216772579667,1670216772579669,1670216772579672,1670216772579689,1670216772579693,1670216772579694,1670216772579696,1670216772579698,1670216772579699,1670216772579700,1670216772579702,1670216772579704,1670216772579705,1670216772579707,1670216772579708,1670216772579710,1670216772579711,1670216772579713,1670216772579718,1670216772579720,1670216772579721,1670216772579723,1670216772579725,1670216772579726,1670216772579728,1670216772579729,1670216772579731,1670216772579732,1670216772579734,1670216772579735,1670216772579736,1670216772579738,1670216772579739,1670216772579744,1670216772579746,1670216772579747,1670216772579749,1670216772579750,1670216772579752,1670216772579753,1670216772579755,1670216772579756,1670216772579758,1670216772579759,1670216772579761,1670216772582879,1670216772582895,1670216772582899,1670216772582917,1670216772582921,1670216772582936,1670216772582940,1670216772582942,1670216772582946,1670216772582949,1670216772582951,1670216772582954,1670216772582958,1670216772582962,1670216772582966,1670216772582968,1670216772582971,1670216772582975,1670216772582983,1670216772582986,1670216772582988,1670216772582991,1670216772582994,1670216772582996,1670216772582999,1670216772583003,1670216772583006,1670216772583008,1670216772583011,1670216772583014,1670216772583017,1670216772583019,1670216772583023,1670216772583029,1670216772583031,1670216772583034,1670216772583037,1670216772583041,1670216772583043,1670216772583046,1670216772583049,1670216772583051,1670216772583052,1670216772583054,1670216772583055,1670216772583057,1670216772583058,1670216772583060,1670216772583064,1670216772583066,1670216772583067,1670216772583069,1670216772583070,1670216772583072,1670216772583073,1670216772583075,1670216772583076,1670216772583078,1670216772583079,1670216772586156,1670216772586171,1670216772586178,1670216772586180,1670216772586198,1670216772586202,1670216772586204,1670216772586207,1670216772586211,1670216772586212,1670216772586215,1670216772586219,1670216772586221,1670216772586222,1670216772586225,1670216772586229,1670216772586231,1670216772586233,1670216772586237,1670216772586244,1670216772586246,1670216772586249,1670216772586252,1670216772586254,1670216772586257,1670216772586258,1670216772586261,1670216772586265,1670216772586267,1670216772586269,1670216772586273,1670216772586275,1670216772586277,1670216772586279,1670216772586285,1670216772586288,1670216772586289,1670216772586292,1670216772586294,1670216772586297,1670216772586300,1670216772586302,1670216772586305,1670216772586308,1670216772586310,1670216772586313,1670216772586316,1670216772586318,1670216772586321,1670216772586327,1670216772586329,1670216772586332,1670216772586335,1670216772586337,1670216772586340,1670216772586342,1670216772586344,1670216772586346,1670216772586347,1670216772586349,1670216772589424,1670216772589440,1670216772589442,1670216772589444,1670216772589463,1670216772589476,1670216772589478,1670216772589480,1670216772589481,1670216772589483,1670216772589484,1670216772589486,1670216772589487,1670216772589491,1670216772589493,1670216772589494,1670216772589497,1670216772589499,1670216772589502,1670216772589510,1670216772589512,1670216772589514,1670216772589516,1670216772589519,1670216772589521,1670216772589524,1670216772589525,1670216772589534,1670216772589537,1670216772589539,1670216772589541,1670216772589543,1670216772589546